codigo_estacao,data,hora,temp_inst,temp_max,temp_min,umid_inst,umid_max,umid_min,pto_orvalho_inst,pto_orvalho_max,pto_orvalho_min,pressao,pressao_max,pressao_min,vento_direcao,vento_vel, vento_rajada,radiacao,precipitacao
A627,01/05/2019,18,30.5,31.0,29.5,58,61,52,21.2,21.8,19.1,1012.0,1012.4,1012.0,1.3,157,3.8,1846.,0.0
A627,01/05/2019,10,22.2,22.2,21.6,86,88,86,19.7,19.8,19.5,1016.0,1016.1,1015.7,0.9,48,2.4,61.44,0.0
A627,01/05/2019,17,29.8,30.7,28.9,53,63,51,19.1,21.4,19.0,1012.4,1013.2,1012.3,1.4,249,4.4,2361.,0.0
A627,01/05/2019,06,23.1,23.2,22.2,81,86,80,19.5,19.9,19.5,1014.9,1015.2,1014.8,0.9,63,2.8,-3.60,0.0
A627,01/05/2019,00,24.9,24.9,24.7,72,73,72,19.5,19.8,19.5,1016.2,1016.2,1016.0,2.4,72,6.4,-3.56,0.0
A627,01/05/2019,23,26.0,26.7,26.0,78,78,75,21.9,22.1,21.8,1013.2,1013.2,1012.9,0.9,117,3.9,-3.60,0.0
A627,01/05/2019,02,24.6,24.7,24.6,74,74,73,19.6,19.7,19.5,1015.8,1016.2,1015.8,2.6,76,8.3,-3.60,0.0
A627,01/05/2019,14,27.5,27.5,26.4,69,73,67,21.4,21.6,20.3,1015.3,1016.1,1015.3,1.8,306,4.3,2435.,0.0
A627,01/05/2019,09,21.7,22.7,21.6,88,88,83,19.6,19.7,19.5,1015.7,1015.7,1015.2,0.9,64,2.7,-3.60,0.0
A627,01/05/2019,16,28.9,29.3,28.1,63,66,61,21.2,21.5,20.5,1013.2,1014.0,1013.2,1.8,251,4.1,2081.,0.0
A627,01/05/2019,03,24.2,24.6,24.2,76,76,74,19.8,19.8,19.5,1015.9,1016.0,1015.8,1.3,62,6.8,-3.60,0.0
A627,01/05/2019,07,22.8,23.1,22.8,82,83,80,19.6,19.7,19.5,1014.9,1015.0,1014.8,1.3,78,2.9,-3.60,0.0
A627,01/05/2019,13,26.4,27.5,26.0,73,73,65,21.1,21.1,19.7,1016.0,1016.2,1016.0,2.1,248,4.3,2132.,0.0
A627,01/05/2019,15,28.2,28.6,27.0,66,73,62,21.2,21.9,20.6,1014.0,1015.3,1014.0,1.2,287,3.9,2315.,0.0
A627,01/05/2019,04,23.9,24.2,23.4,76,81,76,19.5,20.0,19.5,1015.6,1015.9,1015.5,1.0,65,3.5,-3.60,0.0
A627,01/05/2019,08,22.7,22.8,22.6,83,83,82,19.5,19.7,19.5,1015.2,1015.2,1014.9,1.3,87,3.2,-3.60,0.0
A627,01/05/2019,05,22.6,24.2,22.6,83,83,74,19.6,19.7,19.3,1015.2,1015.6,1015.2,0.6,6,2.6,-3.60,0.0
A627,01/05/2019,22,26.6,27.4,26.6,76,77,71,22.0,22.2,21.7,1012.9,1012.9,1012.6,1.2,45,2.4,-3.60,0.0
A627,01/05/2019,12,26.0,26.0,24.4,70,76,69,20.1,20.3,19.5,1016.1,1016.3,1016.1,1.3,65,3.6,1274.,0.0
A627,01/05/2019,20,28.6,29.6,28.6,66,66,60,21.5,21.5,20.9,1012.4,1012.4,1012.0,0.8,82,4.1,226.1,0.0
A627,01/05/2019,01,24.7,25.0,24.7,73,73,71,19.6,19.6,19.3,1016.2,1016.3,1016.0,2.4,62,8.4,-3.23,0.0
A627,01/05/2019,11,24.5,24.5,22.2,75,86,75,19.8,20.0,19.6,1016.2,1016.4,1015.9,1.4,70,3.3,699.2,0.0
A627,01/05/2019,21,27.4,28.6,27.4,71,71,66,21.7,21.8,21.4,1012.6,1012.6,1012.4,0.9,98,3.1,24.07,0.0
A627,01/05/2019,19,29.5,30.5,29.1,60,61,57,20.9,21.2,20.6,1012.1,1012.1,1012.0,1.7,162,4.0,664.3,0.0
A627,02/05/2019,08,23.5,24.0,23.5,91,91,89,22.0,22.2,22.0,1011.9,1012.0,1011.7,0.3,66,1.7,-3.52,0.0
A627,02/05/2019,12,24.9,24.9,24.4,87,88,86,22.5,22.6,22.1,1014.1,1014.1,1013.6,0.6,320,2.5,569.5,0.0
A627,02/05/2019,13,25.8,25.9,24.8,83,87,83,22.7,22.9,22.4,1014.3,1014.3,1014.1,1.0,312,2.3,741.4,0.0
A627,02/05/2019,00,25.6,26.0,25.5,79,80,78,21.7,21.9,21.7,1013.2,1013.2,1013.1,1.4,81,4.1,-3.60,0.0
A627,02/05/2019,04,23.3,23.7,23.2,91,91,89,21.8,21.8,21.7,1012.6,1012.8,1012.5,0.2,347,1.2,-3.60,0.0
A627,02/05/2019,23,26.0,26.4,26.0,83,83,81,22.8,23.0,22.8,1014.2,1014.2,1013.2,1.3,90,2.3,-3.60,0.0
A627,02/05/2019,01,24.8,25.6,24.5,84,85,79,21.9,21.9,21.7,1013.0,1013.3,1013.0,0.7,71,3.6,-3.60,0.0
A627,02/05/2019,03,23.7,24.2,23.6,89,90,87,21.8,21.9,21.7,1012.8,1013.0,1012.7,0.4,200,1.2,-3.60,0.0
A627,02/05/2019,02,24.2,25.0,24.0,87,87,83,21.9,21.9,21.6,1013.0,1013.1,1012.9,0.4,276,2.3,-3.60,0.0
A627,02/05/2019,11,24.4,24.5,23.7,87,90,87,22.1,22.3,21.9,1013.6,1013.6,1013.0,0.4,16,2.1,399.4,0.0
A627,02/05/2019,06,23.7,23.8,22.9,89,92,89,21.8,22.0,21.5,1011.8,1012.3,1011.8,0.7,44,1.5,-3.20,0.0
A627,02/05/2019,21,26.9,27.5,26.9,80,80,78,23.1,23.3,23.1,1012.5,1012.5,1011.9,1.3,167,2.7,22.50,0.0
A627,02/05/2019,09,23.3,23.5,23.3,92,92,91,21.9,22.1,21.9,1012.4,1012.4,1011.9,0.6,59,2.3,-3.60,0.0
A627,02/05/2019,20,27.1,28.2,27.1,79,80,75,23.2,23.6,23.0,1011.9,1011.9,1011.7,0.7,324,2.3,280.0,0.0
A627,02/05/2019,19,27.9,29.8,27.9,77,77,65,23.5,23.6,22.6,1011.8,1011.9,1011.4,1.1,315,3.5,642.8,0.0
A627,02/05/2019,18,29.7,30.3,28.5,65,70,65,22.5,23.2,22.3,1011.4,1012.0,1011.3,1.5,68,3.4,1646.,0.0
A627,02/05/2019,05,23.0,23.3,23.0,92,92,90,21.6,21.8,21.6,1012.3,1012.6,1012.3,0.2,283,1.4,-3.60,0.0
A627,02/05/2019,17,29.0,29.2,28.1,69,73,68,22.7,23.1,22.5,1012.0,1012.7,1012.0,1.6,187,5.6,1456.,0.0
A627,02/05/2019,16,28.7,29.0,27.6,70,76,69,22.7,23.5,22.6,1012.7,1013.4,1012.7,2.4,209,5.6,1917.,0.0
A627,02/05/2019,15,27.6,28.5,26.2,75,81,73,22.7,23.5,22.4,1013.3,1013.9,1013.3,0.8,308,2.6,1810.,0.0
A627,02/05/2019,07,23.9,24.0,23.5,89,91,89,22.0,22.1,21.8,1011.7,1011.9,1011.6,0.7,116,2.0,-3.49,0.0
A627,02/05/2019,22,26.4,26.9,26.4,81,82,80,23.0,23.2,23.0,1013.2,1013.2,1012.5,1.0,132,2.7,-3.60,0.0
A627,02/05/2019,14,26.6,26.8,25.7,79,84,79,22.6,23.0,22.5,1013.9,1014.3,1013.8,1.2,291,3.5,1351.,0.0
A627,02/05/2019,10,23.7,23.7,23.2,90,92,90,22.0,22.0,21.7,1013.0,1013.0,1012.4,0.8,84,1.5,93.67,0.0
A627,03/05/2019,08,23.3,24.0,23.3,93,93,89,22.0,22.2,22.0,1012.6,1012.7,1012.2,0.2,68,1.3,-3.60,0.0
A627,03/05/2019,03,24.6,24.9,24.3,86,89,85,22.2,22.4,22.1,1014.2,1014.4,1014.2,0.4,136,1.2,-3.60,0.0
A627,03/05/2019,09,23.0,23.3,23.0,94,94,92,21.9,22.0,21.9,1013.0,1013.0,1012.6,0.4,64,0.8,-3.60,0.0
A627,03/05/2019,23,28.0,28.4,28.0,78,78,76,23.7,24.0,23.7,1014.7,1014.7,1014.2,0.9,105,4.7,-3.60,0.0
A627,03/05/2019,22,28.4,28.9,28.4,77,77,73,24.0,24.1,23.6,1014.3,1014.3,1013.3,1.2,71,3.8,-3.60,0.0
A627,03/05/2019,21,28.9,29.8,28.9,73,73,69,23.6,23.8,23.4,1013.3,1013.3,1012.8,0.5,54,3.1,23.22,0.0
A627,03/05/2019,20,29.8,31.0,29.8,69,71,65,23.5,24.1,23.5,1012.8,1012.8,1012.4,1.4,184,4.4,230.4,0.0
A627,03/05/2019,19,31.0,31.7,31.0,65,,,23.6,,,1012.6,1012.8,1012.5,1.4,164,4.2,959.0,0.0
A627,03/05/2019,18,31.3,32.2,31.0,60,60,56,22.4,23.1,21.9,1012.8,1013.0,1012.7,1.2,310,3.7,1763.,0.0
A627,03/05/2019,17,31.8,32.1,30.3,58,66,58,22.5,,,1012.9,1013.8,1012.9,1.3,314,3.5,2154.,0.0
A627,03/05/2019,15,29.6,30.1,28.7,69,72,68,23.3,23.9,22.9,1014.7,1015.5,1014.7,1.4,305,3.1,2451.,0.0
A627,03/05/2019,14,28.8,28.8,27.5,72,78,71,23.2,23.6,22.7,1015.5,1016.0,1015.4,1.1,333,3.7,2254.,0.0
A627,03/05/2019,13,28.1,28.5,26.5,73,78,71,22.8,23.3,22.2,1015.8,1015.9,1015.5,1.3,302,3.0,1734.,0.0
A627,03/05/2019,12,26.7,27.0,25.5,78,83,78,22.5,23.0,22.3,1015.5,1015.5,1014.8,0.8,7,2.6,1154.,0.0
A627,03/05/2019,11,25.5,25.7,23.6,82,92,82,22.2,22.6,22.2,1014.8,1014.8,1014.0,0.5,44,2.3,498.5,0.0
A627,03/05/2019,16,30.7,31.2,29.6,62,69,61,22.6,23.7,22.3,1013.8,1014.7,1013.8,1.4,287,3.1,2558.,0.0
A627,03/05/2019,10,23.6,23.6,22.9,92,94,92,22.3,22.3,21.8,1014.0,1014.0,1013.0,0.3,65,1.8,77.92,0.0
A627,03/05/2019,05,23.6,24.2,23.5,91,91,88,22.1,22.2,22.0,1013.3,1013.7,1013.3,0.2,275,1.4,-3.60,0.0
A627,03/05/2019,02,24.5,25.6,24.4,88,88,82,22.4,22.4,22.1,1014.4,1014.4,1014.2,0.3,309,2.6,-3.60,0.0
A627,03/05/2019,04,24.1,24.9,24.1,88,89,84,22.1,22.2,21.8,1013.7,1014.2,1013.7,0.5,112,1.5,-3.60,0.0
A627,03/05/2019,01,25.5,25.9,25.5,83,83,82,22.4,22.7,22.4,1014.3,1014.6,1014.3,0.7,71,2.4,-3.60,0.0
A627,03/05/2019,00,25.9,26.1,25.9,83,83,82,22.7,22.9,22.7,1014.4,1014.5,1014.2,0.8,11,2.6,-3.58,0.0
A627,03/05/2019,07,24.0,24.2,23.9,90,90,88,22.2,22.3,22.0,1012.5,1012.7,1012.5,0.5,96,1.8,-3.51,0.0
A627,03/05/2019,06,24.2,24.3,23.6,88,91,88,22.1,22.3,22.1,1012.6,1013.3,1012.6,0.6,153,2.6,-3.60,0.0
A627,04/05/2019,00,27.4,28.0,27.4,81,81,78,23.8,23.8,23.7,1015.0,1015.0,1014.7,0.9,57,2.7,-3.60,0.0
A627,04/05/2019,21,29.2,30.2,29.2,70,70,66,23.2,23.2,23.0,1014.6,1014.6,1014.2,0.7,178,3.0,25.18,0.0
A627,04/05/2019,23,28.0,28.7,27.9,77,78,74,23.7,23.9,23.6,1016.2,1016.2,1015.5,0.9,128,3.1,-3.60,0.0
A627,04/05/2019,04,25.3,25.7,25.3,90,90,89,23.6,23.8,23.5,1015.4,1015.8,1015.4,0.5,71,1.8,-3.60,0.0
A627,04/05/2019,03,25.7,26.3,25.6,89,89,85,23.7,23.8,23.6,1015.8,1015.9,1015.7,0.8,84,1.8,-3.60,0.0
A627,04/05/2019,09,24.1,24.2,24.0,94,94,94,23.0,23.2,23.0,1015.5,1015.5,1014.8,0.2,42,1.7,-3.60,0.0
A627,04/05/2019,05,25.4,25.7,25.2,89,91,88,23.4,23.8,23.4,1014.9,1015.4,1014.9,0.6,49,1.9,-3.60,0.0
A627,04/05/2019,06,24.6,25.4,24.6,93,93,89,23.4,23.4,23.3,1014.5,1014.9,1014.5,0.2,215,1.4,-3.60,0.0
A627,04/05/2019,07,24.4,24.8,24.4,93,93,92,23.2,23.5,23.2,1014.5,1014.5,1014.4,0.3,65,1.2,-3.60,0.0
A627,04/05/2019,08,24.2,24.4,24.2,94,94,93,23.1,23.2,23.1,1014.8,1014.9,1014.5,0.3,216,0.7,-3.60,0.0
A627,04/05/2019,10,24.3,24.3,24.0,93,94,93,23.2,23.2,23.0,1015.9,1015.9,1015.5,0.4,50,1.1,52.02,0.0
A627,04/05/2019,11,25.6,25.6,24.3,87,93,87,23.3,23.4,23.0,1016.1,1016.1,1015.8,0.4,68,1.7,460.6,0.0
A627,04/05/2019,12,26.7,26.7,25.6,81,87,81,23.3,23.4,22.8,1016.8,1016.8,1016.1,0.8,70,3.1,1150.,0.0
A627,04/05/2019,13,26.8,27.8,26.7,82,83,77,23.5,24.0,23.0,1017.2,1017.2,1016.8,1.4,297,3.3,1924.,0.0
A627,04/05/2019,16,30.7,31.1,29.4,67,74,65,23.9,24.8,23.0,1014.9,1015.8,1014.9,1.3,318,2.9,2326.,0.0
A627,04/05/2019,17,32.5,32.5,30.6,59,67,59,23.5,24.6,23.1,1014.0,1014.9,1014.0,1.5,303,3.1,2304.,0.0
A627,04/05/2019,14,28.7,28.8,26.6,77,83,76,24.3,24.4,23.4,1016.6,1017.2,1016.6,1.0,311,3.3,2419.,0.0
A627,04/05/2019,15,29.8,30.2,28.4,73,77,72,24.5,24.7,23.7,1015.8,1016.6,1015.8,1.7,310,2.9,2371.,0.0
A627,04/05/2019,18,32.1,33.0,32.0,60,60,54,23.3,23.8,22.1,1013.6,1014.0,1013.5,2.2,185,4.5,1640.,0.0
A627,04/05/2019,19,31.0,32.1,31.0,63,65,60,23.1,,,1013.7,1013.7,1013.5,1.4,121,4.7,790.7,0.0
A627,04/05/2019,01,26.9,27.4,26.9,83,83,81,23.8,23.8,23.7,1015.6,1015.6,1015.0,0.8,77,4.1,-3.60,0.0
A627,04/05/2019,02,26.2,26.9,25.8,86,88,83,23.6,23.8,23.6,1015.8,1015.8,1015.5,0.8,81,1.9,-3.60,0.0
A627,04/05/2019,20,30.2,31.1,30.1,67,67,60,23.3,23.5,22.3,1014.2,1014.2,1013.7,1.2,197,4.3,323.8,0.0
A627,04/05/2019,22,28.7,29.2,28.6,74,74,70,23.7,23.7,23.1,1015.5,1015.5,1014.6,0.8,61,2.3,-3.60,0.0
A627,05/05/2019,16,31.1,31.2,29.5,59,66,57,22.0,22.9,21.0,1016.5,1017.4,1016.5,1.9,205,4.3,2137.,0.0
A627,05/05/2019,17,30.8,32.0,30.4,57,59,54,21.3,22.0,21.0,1015.5,1016.5,1015.5,1.9,176,4.6,2255.,0.0
A627,05/05/2019,18,31.2,31.9,30.6,60,62,54,22.6,22.8,21.2,1015.1,1015.5,1015.1,2.4,185,5.9,1661.,0.0
A627,05/05/2019,19,29.5,31.2,29.5,67,67,60,22.6,23.1,22.2,1015.2,1015.3,1015.0,1.1,132,5.4,844.5,0.0
A627,05/05/2019,23,26.4,26.9,26.4,73,74,73,21.1,21.8,21.1,1016.5,1016.6,1016.4,2.6,66,6.9,-3.60,0.0
A627,05/05/2019,22,26.9,27.7,26.9,74,74,72,21.8,22.6,21.8,1016.4,1016.4,1015.8,2.7,76,6.9,-3.60,0.0
A627,05/05/2019,00,27.3,28.0,27.3,79,79,77,23.3,23.6,23.3,1016.9,1016.9,1016.2,1.1,97,3.7,-3.60,0.0
A627,05/05/2019,01,26.3,27.3,26.2,83,84,79,23.2,23.4,23.1,1017.1,1017.1,1016.9,0.7,97,2.2,-3.60,0.0
A627,05/05/2019,02,25.6,26.4,25.6,86,86,83,23.0,23.2,23.0,1017.7,1017.7,1017.1,0.6,300,1.7,-3.60,0.0
A627,05/05/2019,21,27.6,28.4,27.6,74,75,71,22.6,22.8,22.5,1015.8,1015.8,1015.5,1.5,58,4.3,32.16,0.0
A627,05/05/2019,03,26.1,26.2,25.7,82,86,82,22.7,23.1,22.7,1017.0,1017.7,1017.0,1.2,92,4.2,-3.60,0.0
A627,05/05/2019,04,25.6,26.1,25.6,83,83,82,22.5,22.7,22.5,1016.5,1017.0,1016.5,1.7,82,4.2,-3.60,0.0
A627,05/05/2019,05,25.6,25.6,25.3,83,84,83,22.5,22.5,22.4,1016.2,1016.5,1016.2,1.1,75,3.4,-2.90,0.0
A627,05/05/2019,06,25.6,25.7,25.4,83,84,82,22.5,22.6,22.4,1016.3,1016.3,1016.2,0.9,167,3.2,-2.10,0.0
A627,05/05/2019,07,25.5,25.7,25.4,83,83,82,22.3,22.5,22.2,1016.2,1016.4,1016.2,0.5,226,2.3,-1.20,0.0
A627,05/05/2019,08,25.2,25.6,25.2,83,85,82,22.1,22.5,22.1,1016.1,1016.2,1016.1,0.5,133,2.0,-2.79,0.0
A627,05/05/2019,09,24.8,25.2,24.5,84,87,83,22.0,22.4,22.0,1016.7,1016.7,1016.1,0.6,51,1.5,-3.13,0.0
A627,05/05/2019,10,24.6,24.8,24.6,83,85,82,21.6,22.1,21.4,1017.5,1017.5,1016.7,1.3,85,3.3,57.79,0.0
A627,05/05/2019,11,26.5,26.5,24.6,77,83,76,22.2,22.2,21.5,1018.2,1018.2,1017.5,0.4,121,3.6,588.0,0.0
A627,05/05/2019,14,29.3,29.3,27.1,72,78,72,23.8,23.9,22.8,1018.3,1018.9,1018.3,1.5,317,3.2,1734.,0.0
A627,05/05/2019,12,27.4,27.4,26.5,76,77,74,22.7,22.7,22.0,1018.8,1018.8,1018.2,1.3,342,3.6,1402.,0.0
A627,05/05/2019,20,28.4,29.6,28.4,71,71,67,22.5,23.1,22.5,1015.5,1015.5,1015.2,0.9,88,4.4,293.3,0.0
A627,05/05/2019,13,28.1,28.2,27.0,75,78,74,23.1,23.4,22.7,1018.9,1019.0,1018.8,1.3,289,3.4,1573.,0.0
A627,05/05/2019,15,30.3,30.3,29.1,64,72,64,22.7,23.6,22.1,1017.4,1018.3,1017.4,1.0,303,3.5,2505.,0.0
A627,06/05/2019,07,24.0,24.0,23.3,81,84,81,20.5,20.5,20.4,1015.1,1015.5,1015.1,0.9,75,2.9,-3.53,0.0
A627,06/05/2019,03,24.9,25.4,24.9,79,79,77,21.0,21.0,20.9,1016.2,1016.4,1016.2,0.5,164,4.1,-3.60,0.0
A627,06/05/2019,11,25.2,25.2,23.0,74,84,73,20.1,20.3,19.8,1016.2,1016.2,1015.6,1.6,45,3.4,577.3,0.0
A627,06/05/2019,08,23.8,24.0,23.4,81,84,80,20.3,20.7,20.3,1015.1,1015.1,1015.0,0.9,80,2.3,-3.60,0.0
A627,06/05/2019,10,23.0,23.0,22.5,84,88,84,20.2,20.5,20.1,1015.6,1015.6,1015.1,0.7,22,1.6,36.17,0.0
A627,06/05/2019,20,30.7,33.0,30.7,59,59,47,21.7,21.7,20.0,1012.5,1012.5,1012.1,1.0,250,2.3,284.3,0.0
A627,06/05/2019,17,32.5,32.7,31.7,50,54,49,20.6,21.3,20.4,1012.6,1013.5,1012.6,1.3,5,3.5,2261.,0.0
A627,06/05/2019,14,28.7,28.7,27.2,65,71,64,21.6,22.0,21.1,1015.4,1016.0,1015.4,1.1,323,3.6,2460.,0.0
A627,06/05/2019,06,23.3,24.6,23.3,84,84,77,20.4,20.5,20.2,1015.5,1015.7,1015.4,0.5,6,3.2,-3.60,0.0
A627,06/05/2019,19,33.0,33.1,31.8,47,52,47,20.2,21.0,19.7,1012.1,1012.2,1012.0,0.8,315,3.2,888.7,0.0
A627,06/05/2019,12,26.8,26.8,25.2,70,74,68,20.9,20.9,19.8,1016.3,1016.3,1016.2,1.1,317,3.1,1364.,0.0
A627,06/05/2019,21,28.9,30.7,28.9,66,66,59,21.8,21.9,21.6,1012.7,1012.8,1012.5,0.8,221,2.3,15.70,0.0
A627,06/05/2019,04,24.2,24.9,23.9,81,84,79,20.8,21.2,20.8,1015.9,1016.2,1015.9,0.7,87,1.8,-3.60,0.0
A627,06/05/2019,05,24.5,24.6,23.4,78,85,78,20.4,20.9,20.4,1015.6,1016.0,1015.6,1.4,74,3.2,-3.60,0.0
A627,06/05/2019,15,30.3,30.3,28.4,59,65,59,21.5,21.9,20.7,1014.4,1015.4,1014.4,1.4,343,3.2,2639.,0.0
A627,06/05/2019,22,27.9,28.9,27.8,71,72,66,22.2,22.3,21.8,1012.8,1012.8,1012.6,0.3,161,1.5,-3.60,0.0
A627,06/05/2019,02,25.3,25.7,25.3,77,77,74,21.0,21.0,20.8,1016.4,1016.7,1016.4,1.7,82,4.0,-3.60,0.0
A627,06/05/2019,16,31.7,31.7,30.3,54,60,53,21.3,21.9,21.0,1013.5,1014.4,1013.5,1.3,4,4.0,2567.,0.0
A627,06/05/2019,23,27.2,27.9,27.2,72,73,70,21.7,22.3,21.6,1013.2,1013.2,1012.8,0.2,149,1.1,-3.60,0.0
A627,06/05/2019,13,27.5,28.0,26.6,69,72,67,21.4,21.6,20.7,1016.0,1016.3,1016.0,1.3,303,2.9,1971.,0.0
A627,06/05/2019,09,22.8,23.9,22.7,86,86,80,20.2,20.3,20.1,1015.1,1015.1,1014.9,0.6,79,3.3,-3.60,0.0
A627,06/05/2019,00,26.1,26.4,26.1,73,73,72,20.8,21.1,20.8,1016.8,1016.8,1016.5,1.8,78,6.9,-3.60,0.0
A627,06/05/2019,18,32.7,33.0,32.1,48,50,46,20.3,20.9,19.6,1012.1,1012.6,1012.1,1.0,355,3.5,1582.,0.0
A627,06/05/2019,01,25.7,26.1,25.7,74,75,72,20.8,20.8,20.8,1016.7,1016.8,1016.7,1.2,62,4.3,-3.60,0.0
A627,07/05/2019,06,26.9,26.9,25.6,73,81,73,21.6,22.2,21.5,1012.7,1012.7,1012.4,1.4,187,3.2,-3.52,0.0
A627,07/05/2019,10,25.9,25.9,25.4,86,87,83,23.3,23.5,22.5,1014.0,1014.0,1013.5,0.4,51,2.9,125.2,0.0
A627,07/05/2019,11,25.5,26.5,25.2,87,87,83,23.1,23.7,22.7,1014.5,1014.5,1014.0,1.0,210,4.3,486.8,0.4
A627,07/05/2019,01,26.3,27.8,26.2,77,78,70,22.0,22.3,21.9,1013.1,1013.3,1013.1,0.5,214,1.7,-3.60,0.0
A627,07/05/2019,12,27.3,27.4,25.2,78,89,78,23.1,23.9,23.1,1015.2,1015.2,1014.5,1.1,20,2.5,798.5,0.0
A627,07/05/2019,07,26.2,27.2,26.2,79,79,72,22.3,22.3,21.5,1012.6,1012.7,1012.6,0.9,10,3.7,-2.99,0.0
A627,07/05/2019,13,28.7,28.9,27.2,71,81,71,22.8,23.8,22.8,1015.1,1015.2,1015.0,1.3,250,3.0,1592.,0.0
A627,07/05/2019,15,28.7,29.8,28.2,65,70,61,21.5,23.0,21.3,1014.3,1014.8,1014.3,3.2,190,7.5,1714.,0.2
A627,07/05/2019,16,29.0,30.4,28.7,64,66,59,21.6,22.3,21.2,1013.8,1014.3,1013.8,3.7,195,7.3,2373.,0.0
A627,07/05/2019,17,29.4,29.9,28.5,62,69,62,21.5,23.0,21.5,1013.6,1013.9,1013.6,4.2,207,8.6,1996.,0.0
A627,07/05/2019,02,27.2,27.4,26.3,72,78,71,21.7,22.3,21.7,1012.9,1013.4,1012.9,1.9,112,3.6,-3.60,0.0
A627,07/05/2019,18,29.1,29.6,28.2,66,70,62,22.2,22.4,21.1,1013.4,1013.6,1013.3,3.8,204,7.8,1383.,0.0
A627,07/05/2019,19,28.2,29.3,28.1,72,73,65,22.8,22.8,21.5,1013.7,1013.7,1013.3,3.1,190,7.6,928.9,0.0
A627,07/05/2019,20,27.1,28.4,27.1,74,75,69,22.0,22.7,21.7,1014.4,1014.4,1013.7,3.2,205,7.8,169.7,0.0
A627,07/05/2019,21,25.4,27.1,24.3,88,91,74,23.2,23.4,21.8,1014.7,1014.9,1014.4,2.7,201,8.1,7.267,5.4
A627,07/05/2019,03,26.4,27.2,26.2,78,78,72,22.3,22.3,21.6,1012.8,1013.0,1012.8,0.9,6,3.6,-3.54,0.0
A627,07/05/2019,05,26.3,26.6,26.0,77,83,77,21.9,22.9,21.9,1012.5,1012.8,1012.5,1.1,123,2.8,-3.39,0.0
A627,07/05/2019,22,24.1,25.4,23.9,92,93,86,22.7,23.2,22.6,1015.3,1015.3,1014.7,2.6,184,6.2,-1.66,16.4
A627,07/05/2019,23,24.5,24.6,24.0,88,92,88,22.5,22.8,22.4,1015.8,1015.8,1015.3,0.7,142,5.8,-1.68,9.8
A627,07/05/2019,04,26.2,26.5,26.0,81,83,78,22.7,22.9,22.3,1012.8,1013.0,1012.7,0.6,353,2.0,-3.35,0.0
A627,07/05/2019,00,27.1,27.2,26.8,73,75,71,21.9,22.1,21.6,1013.3,1013.3,1013.0,0.7,18,1.7,-3.60,0.0
A627,07/05/2019,08,25.6,26.3,25.6,86,86,79,23.1,23.3,22.3,1013.0,1013.0,1012.5,1.1,13,2.4,-3.27,0.0
A627,07/05/2019,14,29.1,29.2,28.0,70,72,68,23.1,23.1,22.1,1014.8,1015.2,1014.8,2.4,195,5.2,1556.,0.0
A627,07/05/2019,09,25.5,25.6,25.2,85,88,84,22.7,23.1,22.7,1013.5,1013.5,1013.0,1.2,34,3.6,-3.51,0.0
A627,08/05/2019,11,24.0,24.0,23.6,71,74,67,18.4,19.0,17.4,1019.3,1019.3,1018.8,0.9,42,3.8,203.8,0.0
A627,08/05/2019,16,25.3,25.8,25.0,59,63,59,16.8,18.0,16.8,1018.8,1019.4,1018.8,1.5,173,4.0,1498.,0.0
A627,08/05/2019,04,24.8,24.9,24.7,69,74,68,18.8,19.8,18.6,1017.5,1017.5,1017.4,1.4,192,5.6,2.818,0.0
A627,08/05/2019,15,25.2,25.3,24.4,62,66,61,17.5,17.9,17.2,1019.4,1020.1,1019.4,1.3,147,4.5,829.8,0.0
A627,08/05/2019,14,24.6,24.6,24.4,64,65,63,17.3,17.6,17.0,1020.1,1020.2,1020.1,0.9,183,4.1,389.4,0.0
A627,08/05/2019,05,24.0,24.8,23.7,74,79,68,19.2,19.9,18.5,1017.6,1017.7,1017.5,1.4,168,5.0,-0.99,0.2
A627,08/05/2019,10,23.9,24.0,23.8,67,69,65,17.5,17.7,17.1,1018.8,1018.8,1018.2,1.3,168,3.8,16.50,0.0
A627,08/05/2019,01,23.9,24.4,23.8,88,89,87,21.8,22.4,21.7,1016.7,1016.7,1016.1,1.9,178,5.9,-1.59,1.6
A627,08/05/2019,18,25.7,26.1,25.5,57,59,54,16.6,17.0,16.0,1018.3,1018.3,1018.2,1.5,132,4.0,1231.,0.0
A627,08/05/2019,00,24.3,24.7,24.2,89,91,87,22.4,22.7,22.2,1016.1,1016.1,1015.8,1.2,180,5.0,1.186,0.0
A627,08/05/2019,09,24.0,24.0,23.8,69,73,67,17.9,18.6,17.6,1018.2,1018.2,1017.5,1.7,178,4.3,-1.67,0.0
A627,08/05/2019,07,24.2,24.4,24.1,69,70,68,18.1,18.4,18.0,1017.4,1017.6,1017.4,1.4,182,5.0,-1.88,0.0
A627,08/05/2019,19,25.0,25.9,25.0,59,59,55,16.5,16.7,15.7,1018.3,1018.4,1018.2,1.6,152,4.3,690.8,0.0
A627,08/05/2019,22,23.6,24.1,23.6,65,68,63,16.8,17.5,16.5,1019.1,1019.1,1018.7,0.7,132,2.0,-3.58,0.0
A627,08/05/2019,17,25.9,26.1,25.3,58,61,56,17.0,17.6,16.3,1018.3,1018.8,1018.3,1.1,208,4.0,1281.,0.0
A627,08/05/2019,12,24.5,24.5,24.0,67,73,67,18.0,19.1,18.0,1019.7,1019.7,1019.3,0.8,171,2.9,392.6,0.0
A627,08/05/2019,20,24.5,25.0,24.5,60,61,57,16.3,16.5,15.9,1018.4,1018.5,1018.3,1.5,174,4.6,270.8,0.0
A627,08/05/2019,21,24.2,24.5,24.2,63,63,60,16.6,16.7,16.2,1018.8,1018.8,1018.4,0.7,147,3.7,24.00,0.0
A627,08/05/2019,03,24.7,24.9,24.7,74,78,71,19.7,20.6,19.2,1017.4,1017.4,1017.1,1.7,182,7.1,6.207,0.0
A627,08/05/2019,23,23.5,23.7,23.1,68,73,64,17.2,17.9,16.5,1019.5,1019.5,1019.1,0.9,79,1.9,-2.95,0.0
A627,08/05/2019,08,24.0,24.2,23.9,70,71,68,18.2,18.3,17.9,1017.5,1017.5,1017.3,1.3,166,4.2,-2.59,0.0
A627,08/05/2019,06,24.4,24.5,24.0,69,75,68,18.3,19.3,18.2,1017.6,1017.6,1017.5,2.2,194,6.5,0.501,0.0
A627,08/05/2019,02,24.9,24.9,23.9,76,88,76,20.4,21.8,20.4,1017.2,1017.2,1016.6,3.1,175,7.9,2.143,0.0
A627,08/05/2019,13,24.5,24.6,24.4,65,70,65,17.6,18.6,17.4,1020.1,1020.2,1019.7,1.3,183,3.9,445.1,0.0
A627,09/05/2019,17,27.5,28.6,26.6,57,60,44,18.2,18.8,15.0,1015.5,1016.0,1015.5,2.5,181,6.1,1811.,0.0
A627,09/05/2019,18,26.7,27.8,26.7,60,61,56,18.4,18.8,17.9,1015.5,1015.5,1015.2,1.4,182,4.8,1030.,0.0
A627,09/05/2019,23,24.0,24.3,23.9,68,71,68,17.8,18.6,17.8,1016.8,1016.8,1016.4,2.9,69,6.1,-3.53,0.0
A627,09/05/2019,22,24.3,24.5,24.3,70,72,70,18.6,19.2,18.6,1016.4,1016.5,1016.0,2.8,64,6.0,-3.41,0.0
A627,09/05/2019,21,24.5,24.9,24.5,72,72,69,19.1,19.3,18.9,1016.0,1016.0,1015.5,1.1,50,5.6,14.01,0.0
A627,09/05/2019,20,24.9,25.6,24.9,69,70,66,18.9,19.1,18.7,1015.5,1015.5,1015.3,1.6,91,5.6,166.0,0.0
A627,09/05/2019,00,23.1,23.5,23.0,77,77,68,18.7,18.7,17.3,1019.7,1019.7,1019.4,1.5,91,5.4,-3.05,0.0
A627,09/05/2019,01,22.9,23.2,22.9,72,77,71,17.5,18.8,17.5,1019.6,1019.7,1019.5,1.2,147,3.8,-2.63,0.0
A627,09/05/2019,02,22.6,22.9,22.6,72,74,72,17.3,17.8,17.3,1019.2,1019.6,1019.2,0.7,115,2.9,-2.90,0.0
A627,09/05/2019,03,22.4,22.6,21.6,75,81,72,17.7,18.3,17.3,1018.7,1019.2,1018.7,1.1,78,2.3,-3.41,0.0
A627,09/05/2019,04,21.9,22.4,21.9,78,78,74,18.0,18.0,17.4,1018.5,1018.7,1018.5,0.7,110,2.4,-3.57,0.0
A627,09/05/2019,05,22.0,22.1,21.5,78,81,77,17.9,18.2,17.7,1018.1,1018.6,1018.1,0.5,86,2.1,-2.98,0.0
A627,09/05/2019,06,21.9,22.0,21.4,78,82,77,17.9,18.3,17.8,1017.9,1018.1,1017.9,0.9,117,2.0,-3.15,0.0
A627,09/05/2019,07,21.8,21.9,21.7,80,80,78,18.1,18.1,17.9,1017.4,1017.9,1017.4,0.9,100,2.4,-2.91,0.0
A627,09/05/2019,08,21.8,21.9,21.7,78,81,77,17.8,18.4,17.7,1017.2,1017.4,1017.2,1.8,123,3.0,-2.58,0.0
A627,09/05/2019,09,21.9,21.9,21.6,76,80,75,17.4,18.1,17.3,1017.9,1017.9,1017.2,0.7,141,3.0,-3.21,0.0
A627,09/05/2019,10,22.0,22.2,21.9,76,78,74,17.5,18.0,17.4,1018.7,1018.7,1017.9,0.4,78,2.0,43.90,0.0
A627,09/05/2019,11,23.3,23.3,22.0,69,79,69,17.4,18.5,17.2,1019.0,1019.0,1018.7,0.9,73,2.0,319.7,0.0
A627,09/05/2019,13,26.0,26.2,24.5,58,72,58,17.2,19.4,16.6,1018.6,1019.2,1018.6,1.9,19,3.7,2029.,0.0
A627,09/05/2019,19,25.5,26.7,25.5,67,67,60,18.9,18.9,18.1,1015.4,1015.6,1015.4,1.2,77,5.6,263.5,0.0
A627,09/05/2019,12,24.7,24.8,23.3,64,71,64,17.5,18.1,17.0,1019.2,1019.3,1019.0,1.5,36,3.4,834.7,0.0
A627,09/05/2019,14,26.9,27.1,25.8,57,62,56,17.7,18.3,16.8,1017.6,1018.6,1017.6,1.7,42,5.6,2488.,0.0
A627,09/05/2019,15,27.8,28.0,26.9,50,59,50,16.5,18.4,16.0,1016.5,1017.6,1016.5,2.2,55,5.5,2731.,0.0
A627,09/05/2019,16,27.5,28.7,27.2,48,53,44,15.5,17.2,14.2,1016.0,1016.5,1016.0,1.2,167,5.5,2521.,0.0
A627,10/05/2019,18,28.6,29.1,28.4,56,58,53,18.9,19.5,18.4,1012.5,1013.0,1012.5,1.0,319,2.6,1474.,0.0
A627,10/05/2019,12,24.2,24.4,22.8,69,77,69,18.2,18.9,18.2,1015.5,1015.6,1015.2,1.7,35,4.3,1014.,0.0
A627,10/05/2019,17,28.5,28.8,28.3,57,60,54,19.2,19.8,18.4,1013.0,1013.9,1013.0,1.3,306,3.4,2157.,0.0
A627,10/05/2019,13,26.0,26.1,24.0,63,71,63,18.6,18.9,18.2,1015.5,1015.6,1015.3,1.1,63,3.9,1801.,0.0
A627,10/05/2019,19,28.1,29.0,28.1,59,60,56,19.2,20.0,18.9,1012.5,1012.7,1012.5,1.5,81,4.1,764.9,0.0
A627,10/05/2019,05,22.1,22.1,21.2,80,85,80,18.5,18.8,18.5,1015.4,1015.7,1015.4,1.2,67,2.6,-3.60,0.0
A627,10/05/2019,11,23.2,23.3,20.7,75,88,75,18.5,18.8,18.4,1015.2,1015.2,1014.8,1.7,41,3.3,658.3,0.0
A627,10/05/2019,02,23.1,23.3,23.0,75,75,74,18.3,18.4,18.3,1016.8,1016.8,1016.5,1.6,65,5.9,-3.60,0.0
A627,10/05/2019,10,20.7,21.1,20.5,88,88,84,18.6,18.7,18.3,1014.9,1014.9,1014.5,0.4,338,2.8,42.91,0.0
A627,10/05/2019,00,23.5,24.0,23.5,73,73,68,18.3,18.4,17.8,1016.8,1017.2,1016.8,2.9,71,6.7,-3.59,0.0
A627,10/05/2019,08,21.1,21.2,20.2,85,90,85,18.5,18.7,18.3,1014.6,1014.9,1014.6,0.9,57,2.0,-3.58,0.0
A627,10/05/2019,09,20.9,21.1,20.7,86,88,85,18.5,18.7,18.4,1014.6,1014.7,1014.5,0.9,27,2.8,-3.51,0.0
A627,10/05/2019,07,20.3,20.8,20.3,89,89,87,18.4,18.6,18.4,1014.8,1015.0,1014.7,0.3,2,1.8,-3.60,0.0
A627,10/05/2019,20,27.5,28.3,27.5,64,65,59,20.1,20.4,19.3,1012.3,1012.5,1012.1,1.2,98,3.6,238.4,0.0
A627,10/05/2019,06,20.8,22.1,20.8,87,87,80,18.4,18.6,18.4,1015.0,1015.5,1015.0,0.3,312,2.6,-3.60,0.0
A627,10/05/2019,14,26.2,26.6,25.2,70,73,61,20.3,20.9,18.2,1015.0,1015.5,1015.0,1.6,297,4.0,2337.,0.0
A627,10/05/2019,16,28.5,28.5,26.7,57,67,55,19.2,20.0,18.5,1013.9,1014.3,1013.8,1.3,301,3.1,2326.,0.0
A627,10/05/2019,21,26.5,27.5,26.5,67,68,64,20.0,20.3,19.9,1012.5,1012.5,1012.2,1.5,69,4.5,12.40,0.0
A627,10/05/2019,22,25.3,26.5,25.3,74,74,67,20.3,20.3,20.0,1012.6,1012.7,1012.5,1.9,69,4.7,-3.60,0.0
A627,10/05/2019,04,21.5,22.5,21.5,83,83,78,18.6,18.6,18.4,1015.6,1016.3,1015.6,0.4,269,3.7,-3.60,0.0
A627,10/05/2019,15,26.7,27.2,25.9,65,71,64,19.5,21.2,19.4,1014.2,1015.0,1014.2,1.4,312,3.8,2556.,0.0
A627,10/05/2019,03,22.5,23.1,22.4,79,79,75,18.5,18.6,18.3,1016.3,1016.8,1016.3,0.9,49,4.4,-3.60,0.0
A627,10/05/2019,01,23.2,23.5,23.2,74,74,73,18.3,18.4,18.3,1016.5,1016.8,1016.5,2.0,70,7.8,-3.60,0.0
A627,10/05/2019,23,24.9,25.3,24.9,75,75,74,20.1,20.3,20.1,1012.9,1012.9,1012.5,2.0,79,6.1,-3.60,0.0
A627,11/05/2019,16,30.4,30.4,28.6,54,60,54,19.9,20.7,19.4,1011.7,1012.4,1011.7,0.9,328,3.8,2559.,0.0
A627,11/05/2019,05,21.9,22.6,21.9,86,86,82,19.5,19.7,19.4,1011.8,1012.5,1011.8,0.4,183,1.8,-3.60,0.0
A627,11/05/2019,09,21.0,21.3,20.8,88,89,87,18.9,19.1,18.9,1012.5,1012.6,1012.2,0.4,196,1.8,-3.60,0.0
A627,11/05/2019,14,28.5,28.5,26.5,59,69,58,19.7,20.5,19.1,1012.8,1014.1,1012.8,0.9,281,2.6,2290.,0.0
A627,11/05/2019,02,23.9,24.3,23.9,78,78,76,19.9,19.9,19.7,1013.0,1013.0,1012.8,0.7,160,3.9,-3.60,0.0
A627,11/05/2019,10,21.5,21.5,20.8,88,89,86,19.3,19.3,18.8,1013.0,1013.0,1012.4,0.4,155,2.1,52.46,0.0
A627,11/05/2019,11,24.6,24.6,21.5,72,88,71,19.1,19.4,18.7,1013.7,1013.8,1013.0,0.7,40,1.6,561.2,0.0
A627,11/05/2019,12,25.9,26.0,24.1,70,73,67,20.0,20.0,18.9,1014.1,1014.1,1013.7,1.0,339,3.2,1265.,0.0
A627,11/05/2019,13,26.7,26.7,25.4,69,74,69,20.6,21.0,19.9,1014.1,1014.3,1014.1,1.0,279,3.5,1966.,0.0
A627,11/05/2019,15,28.8,29.0,27.9,58,62,58,19.8,20.5,19.3,1012.4,1012.8,1012.4,1.4,295,3.8,2601.,0.0
A627,11/05/2019,03,22.4,23.9,22.4,86,86,78,19.9,20.1,19.8,1012.5,1013.1,1012.5,0.2,276,1.5,-3.60,0.0
A627,11/05/2019,17,31.5,31.7,30.2,47,56,46,18.8,20.8,18.3,1010.9,1011.7,1010.8,1.1,304,3.0,2325.,0.0
A627,11/05/2019,18,31.9,31.9,31.2,49,,,19.9,,,1011.0,1011.0,1010.9,1.0,329,2.5,1842.,0.0
A627,11/05/2019,19,31.7,32.2,31.4,50,,,20.1,,,1010.6,1011.0,1010.6,0.7,352,2.5,844.7,0.0
A627,11/05/2019,20,29.7,32.0,29.4,59,62,49,20.9,21.3,19.4,1011.1,1011.1,1010.6,1.1,169,3.5,156.2,0.0
A627,11/05/2019,21,28.2,29.7,28.2,63,63,59,20.3,21.0,20.3,1011.6,1011.6,1011.1,1.1,126,3.2,13.18,0.0
A627,11/05/2019,22,27.6,28.1,27.6,64,64,63,20.3,20.4,20.2,1012.5,1012.5,1011.6,1.0,157,3.2,-3.60,0.0
A627,11/05/2019,23,25.9,27.6,25.8,72,73,65,20.5,20.8,20.2,1013.3,1013.3,1012.5,0.7,60,2.6,-3.60,0.0
A627,11/05/2019,04,22.1,22.4,22.1,86,87,86,19.7,20.0,19.7,1012.5,1012.7,1012.4,0.4,183,1.3,-3.60,0.0
A627,11/05/2019,07,21.1,21.5,21.1,89,89,87,19.2,19.3,19.1,1011.7,1011.8,1011.6,0.3,1,1.1,-3.60,0.0
A627,11/05/2019,06,21.5,21.9,21.4,88,88,86,19.4,19.5,19.3,1011.6,1011.9,1011.6,0.5,150,1.1,-3.60,0.0
A627,11/05/2019,01,24.3,24.5,24.1,76,78,76,19.9,20.0,19.8,1012.8,1013.0,1012.8,1.4,100,3.8,-3.60,0.0
A627,11/05/2019,00,24.5,24.9,24.5,76,76,75,20.0,20.1,20.0,1013.0,1013.2,1012.9,1.6,86,4.6,-3.60,0.0
A627,11/05/2019,08,21.0,21.1,20.9,89,89,88,19.1,19.3,18.9,1012.2,1012.2,1011.7,0.2,195,1.2,-3.60,0.0
A627,12/05/2019,01,24.5,25.5,24.5,81,81,75,21.0,21.1,20.6,1013.7,1013.8,1013.5,0.5,13,1.7,-3.60,0.0
A627,12/05/2019,16,31.6,31.6,29.7,51,58,48,20.2,21.1,19.3,1013.0,1014.1,1013.0,1.0,324,3.2,2531.,0.0
A627,12/05/2019,14,28.9,29.1,26.8,61,72,59,20.7,22.2,20.3,1015.0,1015.8,1015.0,0.7,309,2.6,2365.,0.0
A627,12/05/2019,17,33.0,33.0,31.2,50,51,46,21.1,21.3,19.0,1012.2,1013.0,1012.2,0.8,324,2.8,2261.,0.0
A627,12/05/2019,13,27.1,27.4,26.5,71,73,70,21.4,21.8,21.0,1015.7,1016.0,1015.7,1.4,311,2.9,1929.,0.0
A627,12/05/2019,18,31.7,33.1,31.7,54,54,47,21.4,21.4,20.1,1012.1,1012.2,1012.1,2.5,213,4.7,1738.,0.0
A627,12/05/2019,22,27.8,28.4,27.8,64,64,61,20.4,20.6,19.9,1014.8,1014.8,1014.1,1.6,174,3.3,-3.60,0.0
A627,12/05/2019,21,28.4,29.3,28.4,62,62,57,20.4,20.4,19.9,1014.1,1014.1,1013.1,1.9,175,5.3,12.76,0.0
A627,12/05/2019,19,31.0,32.3,31.0,56,56,52,21.1,22.1,20.4,1012.4,1012.4,1012.0,2.6,206,5.9,808.7,0.0
A627,12/05/2019,11,25.0,25.1,22.1,76,90,76,20.5,20.8,20.3,1015.2,1015.2,1014.3,1.8,21,3.1,512.3,0.0
A627,12/05/2019,10,22.1,22.2,21.7,90,90,88,20.4,20.4,19.9,1014.3,1014.3,1013.7,0.2,227,1.9,32.34,0.0
A627,12/05/2019,09,22.2,22.2,21.8,88,92,88,20.1,20.7,20.1,1013.7,1013.7,1013.1,0.8,87,1.9,-3.60,0.0
A627,12/05/2019,05,23.3,23.4,23.2,87,88,86,21.1,21.2,21.0,1013.3,1013.5,1013.3,0.2,219,1.1,-3.60,0.0
A627,12/05/2019,20,29.3,31.0,29.3,58,59,56,20.1,21.2,19.9,1013.1,1013.1,1012.4,2.4,193,5.9,172.8,0.0
A627,12/05/2019,23,27.3,27.9,27.3,69,69,64,21.1,21.1,20.4,1015.7,1015.7,1014.8,1.6,144,4.6,-3.60,0.0
A627,12/05/2019,00,25.5,26.0,25.1,75,77,72,20.7,20.9,20.5,1013.5,1013.6,1013.3,1.0,36,1.9,-3.60,0.0
A627,12/05/2019,12,26.5,26.7,25.0,72,77,69,20.9,21.2,20.2,1015.8,1015.8,1015.2,1.0,305,3.1,1310.,0.0
A627,12/05/2019,02,24.6,25.3,24.5,82,82,78,21.3,21.3,21.0,1013.5,1013.7,1013.5,0.4,101,1.9,-3.60,0.0
A627,12/05/2019,08,22.2,22.6,22.2,91,91,90,20.7,20.9,20.7,1013.2,1013.2,1012.9,0.4,229,0.7,-3.60,0.0
A627,12/05/2019,04,23.4,24.8,23.4,86,87,80,21.0,21.1,20.8,1013.3,1013.6,1013.2,0.2,228,1.6,-3.60,0.0
A627,12/05/2019,03,24.3,25.1,24.3,81,82,78,20.9,21.3,20.9,1013.6,1013.7,1013.5,0.4,270,2.2,-3.60,0.0
A627,12/05/2019,06,22.9,23.3,22.9,89,89,87,20.9,21.2,20.8,1013.2,1013.3,1013.2,0.2,69,1.0,-3.60,0.0
A627,12/05/2019,15,30.3,30.5,28.9,55,63,55,20.2,21.3,20.2,1014.1,1015.0,1014.1,1.2,319,3.4,2558.,0.0
A627,12/05/2019,07,22.6,22.9,22.6,90,90,88,20.7,20.9,20.7,1012.9,1013.2,1012.9,0.3,321,0.9,-3.60,0.0
A627,13/05/2019,13,27.4,27.5,26.9,80,82,79,23.6,23.9,23.4,1018.1,1018.2,1018.1,0.8,343,2.9,992.7,0.0
A627,13/05/2019,00,26.9,27.3,26.6,71,72,69,21.1,21.4,21.0,1016.3,1016.3,1015.7,0.9,165,3.1,-3.60,0.0
A627,13/05/2019,01,26.5,26.9,26.5,79,80,71,22.7,22.7,21.1,1016.5,1016.6,1016.3,1.4,142,3.2,-3.60,0.0
A627,13/05/2019,02,26.4,26.6,26.4,81,82,79,22.9,23.0,22.7,1016.5,1016.7,1016.5,1.2,156,4.1,-3.60,0.0
A627,13/05/2019,03,25.5,26.4,25.4,85,85,81,22.7,22.9,22.6,1016.2,1016.5,1016.2,0.7,168,2.8,-3.60,0.0
A627,13/05/2019,04,26.0,26.2,25.5,84,85,82,23.1,23.1,22.7,1016.0,1016.3,1016.0,0.6,153,3.0,-3.59,0.0
A627,13/05/2019,05,25.0,26.0,25.0,89,89,84,23.1,23.2,23.0,1015.6,1016.0,1015.5,0.4,207,1.9,-3.60,0.0
A627,13/05/2019,06,25.1,25.2,24.8,88,90,88,22.9,23.4,22.9,1015.4,1015.7,1015.3,1.0,41,2.2,-3.42,0.0
A627,13/05/2019,07,24.7,25.2,24.7,86,88,84,22.2,22.9,22.2,1015.5,1015.5,1015.3,0.2,342,2.2,-2.76,0.0
A627,13/05/2019,08,24.9,24.9,24.6,84,87,84,22.1,22.3,22.0,1015.9,1015.9,1015.5,0.5,67,2.3,-2.72,0.0
A627,13/05/2019,10,24.8,24.8,24.3,85,90,85,22.1,22.5,22.1,1017.2,1017.2,1016.6,0.9,46,2.0,62.86,0.0
A627,13/05/2019,09,24.4,25.2,24.3,89,89,84,22.5,22.5,22.1,1016.6,1016.6,1015.9,0.4,92,1.7,-3.32,0.0
A627,13/05/2019,14,28.8,28.8,27.4,72,80,72,23.2,24.1,23.0,1017.6,1018.1,1017.6,1.3,281,2.5,1359.,0.0
A627,13/05/2019,11,26.3,26.4,24.8,82,85,80,23.0,23.0,21.9,1017.8,1017.8,1017.2,1.4,20,2.7,567.9,0.0
A627,13/05/2019,12,27.0,27.1,26.2,82,84,82,23.7,23.9,23.0,1018.1,1018.1,1017.8,1.2,356,3.6,785.8,0.0
A627,13/05/2019,15,28.5,29.0,27.8,73,76,72,23.2,23.7,22.9,1016.9,1017.6,1016.9,2.6,193,4.9,900.6,0.0
A627,13/05/2019,16,27.5,28.7,27.4,75,75,72,22.7,23.4,22.5,1016.3,1016.9,1016.3,3.6,193,7.8,985.5,0.0
A627,13/05/2019,17,28.3,28.8,27.4,73,77,72,23.0,23.6,22.7,1015.8,1016.3,1015.8,3.3,201,7.8,1529.,0.0
A627,13/05/2019,18,27.3,28.3,27.3,78,78,73,23.1,23.5,22.7,1015.9,1015.9,1015.8,4.1,194,9.4,1096.,0.0
A627,13/05/2019,19,27.1,27.3,27.0,77,80,76,22.7,23.3,22.5,1016.1,1016.1,1015.9,3.2,202,9.4,459.5,0.0
A627,13/05/2019,20,26.7,27.1,26.7,80,80,77,23.1,23.1,22.6,1016.3,1016.3,1016.1,2.7,203,6.5,126.2,0.0
A627,13/05/2019,21,26.6,26.8,26.5,79,81,79,22.7,23.1,22.6,1016.4,1016.4,1016.2,2.0,191,6.5,16.50,0.0
A627,13/05/2019,22,26.6,26.7,26.5,82,82,79,23.3,23.3,22.6,1017.0,1017.0,1016.4,1.5,196,4.8,-2.12,0.0
A627,13/05/2019,23,26.4,26.6,26.4,81,82,81,22.9,23.3,22.9,1017.3,1017.3,1017.0,0.7,149,2.8,-2.57,0.0
A627,14/05/2019,22,26.2,26.8,26.2,81,81,77,22.6,22.6,22.4,1013.1,1013.1,1012.3,1.7,200,4.3,-3.60,0.0
A627,14/05/2019,14,27.4,27.9,26.2,75,83,73,22.6,23.2,22.3,1014.8,1015.7,1014.8,1.4,304,3.5,2273.,0.0
A627,14/05/2019,12,26.1,26.1,24.3,80,89,80,22.3,22.8,22.2,1016.0,1016.2,1016.0,1.8,29,3.3,1067.,0.0
A627,14/05/2019,04,24.7,25.1,24.6,88,89,86,22.6,22.7,22.5,1016.3,1016.7,1016.2,0.9,121,2.2,-3.60,0.0
A627,14/05/2019,20,28.2,29.2,28.2,70,70,67,22.2,22.8,22.1,1011.6,1011.7,1011.4,1.4,99,3.4,250.9,0.0
A627,14/05/2019,06,24.2,24.6,24.2,90,90,89,22.5,22.7,22.4,1015.5,1016.0,1015.5,0.4,10,1.2,-2.87,0.0
A627,14/05/2019,17,29.6,30.8,29.4,64,65,61,22.0,23.0,21.8,1012.2,1012.9,1012.2,2.0,176,4.6,1888.,0.0
A627,14/05/2019,21,26.8,28.2,26.8,77,77,70,22.4,22.4,22.2,1012.3,1012.3,1011.6,1.2,149,3.7,15.02,0.0
A627,14/05/2019,02,25.5,25.8,25.3,85,86,84,22.8,22.9,22.8,1017.2,1017.3,1017.2,1.0,91,1.8,-3.29,0.0
A627,14/05/2019,01,25.8,26.1,25.8,84,84,81,22.8,23.0,22.6,1017.3,1017.3,1017.2,0.7,168,2.0,-3.42,0.0
A627,14/05/2019,05,24.5,24.7,24.2,89,90,88,22.6,22.7,22.5,1016.0,1016.3,1016.0,0.3,161,2.2,-2.84,0.0
A627,14/05/2019,19,29.1,30.8,29.1,67,68,61,22.4,22.7,22.1,1011.4,1011.6,1011.3,1.3,108,4.6,709.6,0.0
A627,14/05/2019,11,24.3,24.3,23.3,89,93,89,22.3,22.6,22.2,1016.1,1016.1,1015.7,1.3,10,2.7,438.8,0.0
A627,14/05/2019,16,29.8,30.0,28.8,64,66,59,22.2,22.3,20.9,1012.9,1014.0,1012.9,2.3,252,4.3,2479.,0.0
A627,14/05/2019,00,26.1,26.4,26.1,81,82,80,22.6,23.0,22.6,1017.3,1017.4,1017.2,0.6,94,2.2,-3.24,0.0
A627,14/05/2019,10,23.3,23.3,22.9,93,94,93,22.2,22.2,21.7,1015.7,1015.8,1015.4,0.5,6,1.4,46.79,0.0
A627,14/05/2019,03,25.1,25.5,25.1,86,87,85,22.6,22.8,22.6,1016.6,1017.2,1016.6,0.9,105,1.8,-3.20,0.0
A627,14/05/2019,15,29.5,29.5,27.4,64,76,64,22.1,22.9,21.5,1014.0,1014.8,1014.0,1.2,307,3.7,2536.,0.0
A627,14/05/2019,09,22.9,23.8,22.9,93,93,90,21.7,22.2,21.7,1015.4,1015.4,1015.1,0.2,332,2.1,-3.60,0.0
A627,14/05/2019,08,23.5,23.9,23.4,92,92,91,22.1,22.4,22.0,1015.1,1015.2,1015.1,0.5,120,1.7,-3.60,0.0
A627,14/05/2019,23,26.0,26.2,25.9,81,82,80,22.6,22.6,22.4,1013.8,1013.8,1013.1,1.3,192,4.3,-3.41,0.0
A627,14/05/2019,13,26.2,26.8,25.6,82,85,79,23.0,23.2,22.4,1015.7,1016.1,1015.7,1.4,294,3.4,1487.,0.0
A627,14/05/2019,07,23.9,24.2,23.9,91,92,90,22.4,22.6,22.4,1015.2,1015.5,1015.2,0.6,50,1.5,-3.60,0.0
A627,14/05/2019,18,30.8,31.1,29.6,61,64,57,22.4,22.8,21.5,1011.6,1012.2,1011.6,2.0,200,4.6,1758.,0.0
A627,15/05/2019,19,22.5,24.0,22.4,89,90,81,20.6,21.1,20.4,1015.5,1015.5,1015.2,1.7,178,4.0,222.2,1.4
A627,15/05/2019,11,23.5,23.5,22.4,87,87,85,21.1,21.2,19.8,1016.7,1016.7,1015.4,0.5,311,2.9,257.7,0.2
A627,15/05/2019,10,22.5,22.6,22.2,85,87,83,19.8,20.1,19.7,1015.4,1015.4,1013.8,0.9,325,6.4,9.022,0.0
A627,15/05/2019,09,22.5,23.1,22.4,86,89,84,20.0,21.2,19.8,1013.8,1014.0,1012.7,2.0,179,12.4,-3.47,1.0
A627,15/05/2019,08,23.1,23.8,22.9,89,93,89,21.2,22.5,21.0,1012.7,1012.9,1012.1,3.8,198,11.4,-1.88,0.2
A627,15/05/2019,07,23.5,23.8,23.3,92,92,90,22.2,22.3,21.9,1012.1,1012.2,1011.7,1.1,279,3.3,-1.27,0.0
A627,15/05/2019,20,22.4,22.7,22.3,91,91,89,20.8,21.0,20.5,1015.6,1015.7,1015.5,0.9,107,3.4,95.01,0.0
A627,15/05/2019,12,23.8,24.3,23.4,82,87,80,20.6,21.2,20.4,1017.3,1017.3,1016.7,1.0,3,2.0,620.8,0.0
A627,15/05/2019,06,23.6,24.4,23.5,91,92,87,22.1,22.3,22.0,1011.9,1012.5,1011.7,1.3,308,6.7,-1.69,2.6
A627,15/05/2019,05,24.1,24.1,22.7,90,93,90,22.4,22.4,21.5,1012.5,1013.1,1012.4,1.6,302,5.5,-1.68,2.0
A627,15/05/2019,04,23.2,24.9,23.2,93,93,84,21.9,22.5,21.8,1013.1,1013.2,1012.6,2.1,7,8.0,-3.12,3.8
A627,15/05/2019,14,24.0,24.5,23.4,85,88,83,21.4,21.8,21.1,1017.2,1017.4,1017.2,1.4,5,3.0,893.8,0.0
A627,15/05/2019,03,24.9,25.4,24.9,84,84,78,22.0,22.0,21.3,1013.2,1013.6,1012.8,2.5,78,7.3,-3.36,0.0
A627,15/05/2019,21,22.2,22.4,22.0,91,91,89,20.6,20.9,20.2,1016.2,1016.2,1015.5,0.6,155,2.3,13.38,0.2
A627,15/05/2019,15,24.7,24.7,23.8,85,87,84,21.9,21.9,20.9,1016.9,1017.2,1016.9,1.1,341,2.9,636.4,0.0
A627,15/05/2019,02,25.4,25.7,25.3,78,83,78,21.4,22.4,21.3,1013.6,1013.9,1013.5,2.0,58,4.5,-3.59,0.0
A627,15/05/2019,22,22.1,22.2,22.1,89,91,89,20.3,20.6,20.3,1016.7,1016.7,1016.2,0.9,124,2.0,-3.56,0.0
A627,15/05/2019,16,24.6,24.7,24.2,78,85,77,20.4,21.8,20.3,1015.9,1016.9,1015.9,1.8,243,4.2,883.7,0.0
A627,15/05/2019,01,25.7,25.8,25.7,82,83,82,22.4,22.7,22.4,1013.7,1013.9,1013.7,1.4,38,3.5,-2.98,0.0
A627,15/05/2019,00,25.8,26.0,25.8,83,83,81,22.6,22.7,22.5,1013.8,1014.0,1013.8,0.7,178,3.3,-2.74,0.0
A627,15/05/2019,23,21.7,22.2,21.5,93,94,89,20.6,20.6,20.2,1017.6,1017.6,1016.7,0.4,159,1.7,-3.52,0.0
A627,15/05/2019,17,23.5,24.7,23.3,87,89,77,21.2,21.7,20.3,1015.3,1015.9,1015.3,1.8,238,4.9,594.4,0.0
A627,15/05/2019,18,23.9,24.2,23.5,81,87,79,20.4,21.3,20.2,1015.3,1015.3,1015.1,1.2,237,3.1,499.1,0.0
A627,15/05/2019,13,23.6,23.9,23.4,88,88,82,21.4,21.5,20.7,1017.4,1017.5,1017.3,1.1,7,2.7,361.5,0.4
A627,16/05/2019,04,22.1,22.1,21.8,93,94,93,20.9,21.0,20.8,1017.9,1018.0,1017.8,0.9,101,1.4,-2.81,0.0
A627,16/05/2019,05,22.3,22.3,22.0,92,94,92,20.9,21.0,20.8,1017.7,1018.0,1017.7,0.6,131,1.4,-2.22,0.0
A627,16/05/2019,00,21.8,22.2,21.7,93,94,90,20.6,20.8,20.4,1017.7,1017.7,1017.5,0.4,95,2.0,-3.53,0.0
A627,16/05/2019,20,24.6,25.1,24.5,75,75,71,19.7,19.9,19.4,1018.0,1018.1,1017.8,1.7,181,5.6,222.4,0.0
A627,16/05/2019,16,25.9,26.2,24.6,74,78,72,20.8,21.0,20.2,1018.4,1019.2,1018.4,1.3,243,3.9,1220.,0.0
A627,16/05/2019,07,21.7,22.1,21.7,94,94,93,20.6,20.9,20.6,1017.2,1017.4,1017.2,0.4,43,1.0,-3.55,0.0
A627,16/05/2019,18,26.0,26.9,25.6,69,70,65,19.7,20.5,19.5,1017.5,1017.7,1017.3,3.1,184,6.4,1516.,0.0
A627,16/05/2019,06,22.1,22.4,22.1,93,93,91,20.9,20.9,20.7,1017.3,1017.7,1017.3,0.2,7,1.7,-2.62,0.0
A627,16/05/2019,22,23.4,24.0,23.4,81,81,77,20.0,20.1,19.8,1018.9,1019.0,1018.4,0.8,245,4.4,-3.37,0.0
A627,16/05/2019,11,23.2,23.2,21.2,83,94,83,20.1,20.6,20.0,1018.9,1018.9,1018.5,0.2,45,2.0,483.5,0.0
A627,16/05/2019,19,24.9,26.1,24.9,73,73,68,19.6,20.0,19.1,1018.0,1018.0,1017.5,2.1,183,6.2,566.6,0.0
A627,16/05/2019,02,22.0,22.2,21.8,92,92,89,20.5,20.6,20.2,1018.0,1018.1,1017.9,0.7,122,1.9,-3.49,0.0
A627,16/05/2019,10,21.2,21.2,20.9,94,95,94,20.1,20.2,19.9,1018.5,1018.5,1017.6,0.3,139,1.5,18.33,0.0
A627,16/05/2019,08,21.3,21.7,21.3,95,95,94,20.5,20.7,20.4,1016.8,1017.2,1016.8,0.3,115,1.2,-3.60,0.0
A627,16/05/2019,13,23.8,24.8,23.8,81,83,73,20.3,21.2,19.5,1019.7,1019.8,1019.4,2.2,221,4.1,1139.,0.0
A627,16/05/2019,17,26.9,26.9,25.3,66,75,66,20.1,20.9,19.5,1017.7,1018.4,1017.7,2.4,192,5.0,1519.,0.0
A627,16/05/2019,14,23.9,24.1,23.4,82,85,81,20.6,20.9,20.3,1019.8,1019.8,1019.5,1.2,270,4.1,727.7,0.0
A627,16/05/2019,15,26.2,26.4,23.8,73,82,72,21.1,21.3,20.0,1019.2,1019.9,1019.1,1.0,256,3.0,1637.,0.0
A627,16/05/2019,09,21.0,21.3,21.0,95,95,95,20.2,20.4,20.2,1017.6,1017.6,1016.8,0.6,8,1.4,-3.50,0.0
A627,16/05/2019,21,24.0,24.6,24.0,77,77,74,19.8,19.8,19.5,1018.4,1018.4,1018.0,2.0,169,5.6,12.99,0.0
A627,16/05/2019,03,21.9,22.0,21.8,94,94,92,20.8,20.9,20.5,1018.0,1018.2,1018.0,0.3,225,1.3,-2.64,0.0
A627,16/05/2019,12,24.4,24.6,23.2,73,83,73,19.4,20.6,18.9,1019.5,1019.5,1018.9,1.2,333,3.0,1269.,0.0
A627,16/05/2019,23,23.0,23.6,22.9,85,85,80,20.3,20.4,20.0,1019.2,1019.3,1018.9,0.4,248,2.1,-3.51,0.0
A627,16/05/2019,01,22.2,22.2,21.5,89,93,89,20.2,20.6,20.2,1017.9,1017.9,1017.6,0.9,94,2.3,-3.53,0.0
A627,17/05/2019,02,21.9,22.4,21.9,89,90,87,20.0,20.5,20.0,1019.6,1019.7,1019.5,1.6,103,4.5,-3.60,0.2
A627,17/05/2019,17,21.4,22.1,21.4,92,92,88,20.1,20.4,19.6,1018.7,1019.3,1018.7,0.6,291,2.2,382.6,2.6
A627,17/05/2019,15,21.2,21.6,21.0,90,90,88,19.5,19.8,19.1,1019.9,1020.7,1019.9,0.6,57,5.2,388.1,4.6
A627,17/05/2019,22,21.3,21.4,21.1,89,91,89,19.4,19.7,19.4,1018.2,1018.3,1018.1,1.7,71,4.2,-3.51,0.0
A627,17/05/2019,11,21.6,21.6,21.3,90,92,90,19.9,20.0,19.7,1019.9,1019.9,1019.1,0.7,67,3.1,120.3,0.0
A627,17/05/2019,00,23.0,23.5,23.0,83,85,80,20.0,20.3,19.9,1019.3,1019.4,1019.1,1.0,52,3.3,-3.04,0.0
A627,17/05/2019,05,21.8,22.1,21.8,88,89,86,19.8,19.9,19.6,1018.6,1019.1,1018.5,1.0,125,3.3,-3.60,0.0
A627,17/05/2019,19,22.4,22.6,22.1,87,91,86,20.2,20.7,19.7,1017.9,1018.1,1017.8,0.4,129,2.8,422.3,0.0
A627,17/05/2019,21,21.2,21.5,21.1,91,91,88,19.6,19.7,19.2,1018.2,1018.2,1017.8,0.9,69,3.7,4.376,0.6
A627,17/05/2019,09,21.2,21.3,20.9,92,94,92,19.8,20.3,19.8,1018.5,1018.5,1018.0,0.6,178,2.2,-2.88,0.2
A627,17/05/2019,13,21.6,21.9,21.6,92,92,91,20.2,20.6,20.2,1021.0,1021.0,1020.6,0.8,79,3.1,360.6,2.8
A627,17/05/2019,07,21.4,21.8,21.4,91,91,88,19.9,19.9,19.7,1018.0,1018.1,1017.9,0.5,3,3.1,-3.58,0.0
A627,17/05/2019,03,21.7,22.1,21.6,92,92,87,20.3,20.3,19.9,1019.4,1019.7,1019.4,0.6,89,4.6,-3.44,1.2
A627,17/05/2019,23,21.2,21.3,21.2,89,90,89,19.4,19.6,19.4,1018.7,1018.7,1018.2,1.0,59,5.5,-3.51,0.0
A627,17/05/2019,12,21.8,21.8,21.6,92,92,89,20.4,20.4,19.7,1020.6,1020.6,1019.9,0.4,253,2.8,203.9,0.6
A627,17/05/2019,10,21.4,21.5,21.2,92,92,91,20.0,20.2,19.8,1019.1,1019.1,1018.5,0.8,177,2.5,12.30,0.0
A627,17/05/2019,16,21.7,21.8,21.1,89,92,89,19.9,20.2,19.5,1019.3,1019.9,1019.3,0.8,286,1.8,661.4,1.4
A627,17/05/2019,14,21.4,21.7,21.2,88,93,88,19.3,20.5,19.3,1020.6,1021.1,1020.6,1.4,73,4.0,326.5,5.6
A627,17/05/2019,04,21.8,21.9,21.6,89,92,89,19.9,20.3,19.9,1019.0,1019.4,1018.9,0.9,33,2.7,-3.54,0.0
A627,17/05/2019,20,21.3,22.4,21.3,91,91,85,19.7,20.4,19.6,1018.0,1018.2,1017.9,1.2,79,3.6,87.59,2.8
A627,17/05/2019,08,21.1,21.3,21.0,94,94,91,20.1,20.1,19.8,1018.1,1018.1,1017.8,0.4,218,1.7,-2.65,0.4
A627,17/05/2019,01,22.2,23.0,22.0,90,90,83,20.4,20.6,19.9,1019.6,1019.7,1019.3,0.7,120,4.6,-3.42,0.4
A627,17/05/2019,18,22.1,22.2,21.4,91,93,91,20.6,20.8,20.0,1018.1,1018.7,1018.1,0.4,329,1.6,601.4,0.8
A627,17/05/2019,06,21.8,21.9,21.7,88,88,87,19.7,19.7,19.6,1018.0,1018.6,1018.0,1.0,97,3.1,-3.60,0.0
A627,18/05/2019,04,21.0,21.2,20.8,91,92,90,19.5,19.6,19.4,1018.2,1018.7,1018.1,1.3,19,3.5,-3.17,0.0
A627,18/05/2019,02,21.3,21.8,21.0,87,89,83,19.1,19.2,18.9,1019.0,1019.0,1018.7,1.6,5,5.4,-2.68,0.0
A627,18/05/2019,05,21.2,21.2,21.0,90,92,90,19.5,19.7,19.5,1017.8,1018.4,1017.8,1.9,75,4.9,-3.34,0.0
A627,18/05/2019,01,21.3,21.4,20.8,86,91,85,18.8,19.4,18.8,1018.9,1018.9,1018.6,1.0,53,3.0,-3.54,0.0
A627,18/05/2019,00,21.1,21.3,20.9,90,92,89,19.3,19.6,19.3,1018.8,1018.9,1018.6,0.6,81,3.0,-3.34,0.0
A627,18/05/2019,06,21.0,21.4,21.0,91,91,88,19.5,19.5,19.3,1017.4,1017.8,1017.4,2.0,57,6.8,-3.50,0.4
A627,18/05/2019,07,20.6,21.1,20.6,92,92,90,19.3,19.5,19.3,1017.5,1017.5,1017.3,1.3,73,6.3,-3.35,0.0
A627,18/05/2019,08,20.8,20.9,20.6,89,92,88,18.9,19.3,18.8,1017.0,1017.5,1017.0,1.6,48,9.0,-3.57,0.4
A627,18/05/2019,09,20.9,21.0,20.8,90,90,88,19.1,19.1,18.9,1017.5,1017.5,1016.9,1.1,66,5.8,-3.55,0.4
A627,18/05/2019,10,21.3,21.3,20.8,88,90,88,19.2,19.2,19.1,1017.8,1018.0,1017.5,1.8,57,4.3,31.88,0.0
A627,18/05/2019,11,21.5,21.5,21.3,88,89,88,19.4,19.5,19.2,1018.8,1018.8,1017.8,1.9,55,5.5,135.3,0.0
A627,18/05/2019,14,24.8,24.8,22.5,75,85,75,20.1,20.4,19.6,1018.6,1019.6,1018.6,2.9,56,6.9,1076.,0.0
A627,18/05/2019,12,21.9,22.1,21.5,87,88,86,19.7,20.0,19.4,1019.3,1019.4,1018.7,2.0,63,5.7,317.5,0.0
A627,18/05/2019,13,22.6,22.6,21.8,85,89,85,19.9,20.2,19.8,1019.5,1019.7,1019.3,2.0,65,5.8,521.4,0.2
A627,18/05/2019,15,23.6,25.3,23.5,79,79,73,19.7,20.5,19.5,1018.4,1018.7,1018.3,1.6,64,8.9,873.1,0.0
A627,18/05/2019,16,21.6,23.6,21.6,88,89,78,19.5,19.9,19.5,1017.4,1018.4,1017.4,2.6,64,7.3,248.0,2.8
A627,18/05/2019,17,21.8,21.9,21.6,87,88,87,19.6,19.8,19.4,1016.7,1017.4,1016.7,3.6,71,9.9,463.1,1.0
A627,18/05/2019,18,21.7,21.9,21.7,88,88,87,19.6,19.8,19.5,1016.9,1017.0,1016.5,2.0,67,9.9,297.0,0.4
A627,18/05/2019,19,21.5,21.7,21.4,89,89,87,19.6,19.7,19.3,1017.1,1017.1,1016.3,1.9,53,8.0,69.51,1.4
A627,18/05/2019,20,21.8,21.8,21.4,87,89,86,19.6,19.8,19.3,1016.5,1017.1,1015.4,2.5,67,9.1,181.7,1.0
A627,18/05/2019,21,21.6,21.8,21.3,86,89,86,19.2,19.6,19.2,1017.3,1017.4,1016.5,1.2,82,6.0,17.84,0.0
A627,18/05/2019,22,22.1,22.1,21.6,83,87,83,19.1,19.4,19.1,1017.9,1017.9,1017.2,1.8,54,4.9,-3.40,0.0
A627,18/05/2019,23,21.5,22.5,21.5,86,86,79,19.0,19.1,18.7,1018.6,1018.6,1017.8,2.6,58,8.0,-3.00,1.0
A627,18/05/2019,03,20.9,21.3,20.8,91,92,87,19.5,19.6,19.1,1018.7,1019.1,1018.7,0.7,9,3.2,-2.33,0.0
A627,19/05/2019,19,27.2,27.5,26.5,70,72,65,21.3,21.7,20.0,1013.8,1014.1,1013.7,0.6,340,3.1,829.1,0.0
A627,19/05/2019,01,21.5,21.8,21.5,86,86,82,19.1,19.1,18.6,1018.7,1018.9,1018.6,1.0,45,5.4,-3.60,0.0
A627,19/05/2019,02,21.1,22.0,21.0,88,88,80,18.9,19.3,18.4,1018.8,1018.8,1018.6,0.5,271,3.3,-3.60,0.0
A627,19/05/2019,18,26.9,27.6,26.8,71,73,69,21.2,22.1,20.8,1014.1,1014.7,1014.1,1.5,314,4.0,1898.,0.0
A627,19/05/2019,11,21.3,21.3,19.4,90,96,90,19.5,19.7,18.7,1017.7,1017.8,1017.3,0.4,340,2.2,554.9,0.0
A627,19/05/2019,13,23.3,23.3,22.0,82,89,82,20.1,20.4,19.7,1018.2,1018.4,1018.2,1.0,318,2.9,1381.,0.2
A627,19/05/2019,00,21.5,21.9,21.5,85,86,83,18.9,19.1,18.8,1018.9,1018.9,1018.6,1.6,69,7.1,-3.56,0.2
A627,19/05/2019,17,27.0,27.6,26.0,69,71,65,20.9,21.5,19.6,1014.7,1015.8,1014.7,1.6,269,4.2,2431.,0.0
A627,19/05/2019,06,20.0,20.1,19.6,94,95,94,19.1,19.1,18.8,1016.6,1016.9,1016.5,1.1,125,2.3,-3.60,0.0
A627,19/05/2019,08,19.2,19.3,19.1,96,96,95,18.5,18.6,18.4,1016.3,1016.3,1016.1,0.6,28,1.8,-3.60,0.0
A627,19/05/2019,12,22.0,22.6,21.3,89,90,84,20.0,20.2,19.6,1018.4,1018.4,1017.7,1.0,356,2.9,911.1,0.0
A627,19/05/2019,16,26.0,26.7,25.3,71,75,69,20.3,21.4,19.7,1015.8,1016.3,1015.8,1.6,290,4.2,2553.,0.0
A627,19/05/2019,14,24.1,24.7,23.3,79,84,76,20.1,21.2,19.7,1017.5,1018.2,1017.5,1.5,294,3.3,2379.,0.0
A627,19/05/2019,07,19.3,20.0,19.3,95,95,94,18.5,19.1,18.5,1016.2,1016.6,1016.2,0.3,241,2.3,-3.60,0.0
A627,19/05/2019,15,25.4,25.8,23.6,73,81,73,20.1,21.3,19.8,1016.3,1017.5,1016.3,1.7,300,4.2,2574.,0.0
A627,19/05/2019,23,23.0,23.5,22.8,74,77,73,18.1,18.6,18.1,1015.6,1015.6,1015.3,0.9,54,5.0,-3.60,0.0
A627,19/05/2019,04,20.6,21.1,20.6,91,93,89,19.1,19.6,19.0,1017.5,1018.3,1017.5,0.5,305,3.5,-3.60,0.0
A627,19/05/2019,09,19.4,19.6,19.2,96,96,96,18.7,18.9,18.5,1016.7,1016.7,1016.2,0.7,54,2.2,-3.58,0.0
A627,19/05/2019,22,23.5,24.1,23.5,73,73,66,18.3,18.3,17.5,1015.4,1015.4,1014.7,1.6,61,7.9,-3.60,0.0
A627,19/05/2019,03,20.7,21.3,20.7,93,93,84,19.6,19.6,18.6,1018.3,1018.9,1018.3,0.4,219,2.9,-3.60,0.0
A627,19/05/2019,05,20.1,20.7,20.0,94,94,91,19.1,19.2,18.9,1016.9,1017.5,1016.9,0.4,225,2.0,-3.60,0.0
A627,19/05/2019,21,24.1,25.3,24.1,67,71,66,17.6,19.4,17.5,1014.7,1014.7,1014.2,3.9,72,8.0,9.253,0.0
A627,19/05/2019,20,25.3,27.4,25.3,69,74,67,19.3,21.0,19.3,1014.2,1014.3,1013.7,2.4,64,7.1,241.5,0.0
A627,19/05/2019,10,19.6,19.6,19.2,96,96,96,18.8,18.9,18.5,1017.3,1017.3,1016.7,1.2,99,2.2,26.49,0.0
A627,20/05/2019,11,22.3,22.3,19.5,83,95,83,19.3,19.3,18.6,1016.1,1016.1,1015.6,0.3,69,2.0,473.1,0.0
A627,20/05/2019,12,23.8,23.8,22.2,80,84,80,20.1,20.4,19.2,1016.3,1016.4,1016.1,0.6,321,2.1,1235.,0.0
A627,20/05/2019,04,20.2,21.5,20.1,91,91,83,18.6,18.7,18.4,1015.6,1015.8,1015.5,0.4,214,3.6,-3.60,0.0
A627,20/05/2019,19,25.5,26.5,25.5,74,74,68,20.4,20.8,19.7,1014.6,1014.6,1014.1,1.8,174,5.9,744.8,0.0
A627,20/05/2019,21,24.4,24.9,24.4,78,78,76,20.4,20.5,20.3,1015.2,1015.3,1015.0,1.6,168,4.9,10.48,0.0
A627,20/05/2019,14,25.2,25.5,24.3,74,79,73,20.3,21.2,19.9,1015.9,1016.5,1015.9,1.3,285,2.9,2312.,0.0
A627,20/05/2019,15,27.1,27.1,25.2,69,75,67,20.9,21.2,19.2,1015.2,1015.9,1015.2,1.2,292,3.1,2452.,0.0
A627,20/05/2019,05,20.1,20.4,19.9,92,92,90,18.7,18.7,18.5,1015.1,1015.6,1015.1,0.4,120,1.1,-3.60,0.0
A627,20/05/2019,16,27.8,28.3,27.0,59,72,58,19.0,21.7,19.0,1014.4,1015.2,1014.4,1.4,231,3.4,2508.,0.0
A627,20/05/2019,17,27.8,28.7,27.8,64,65,59,20.5,20.9,19.1,1014.0,1014.4,1014.0,2.3,207,5.4,2247.,0.0
A627,20/05/2019,06,20.0,20.1,19.7,91,93,91,18.5,18.7,18.4,1014.9,1015.3,1014.8,0.9,122,3.1,-3.60,0.0
A627,20/05/2019,18,26.4,28.1,26.4,68,70,64,20.1,21.1,20.1,1014.1,1014.1,1013.9,2.5,180,7.0,1718.,0.0
A627,20/05/2019,23,24.5,24.6,24.3,81,81,80,21.0,21.0,20.7,1016.2,1016.2,1015.6,0.6,143,3.2,-2.88,0.0
A627,20/05/2019,07,19.5,20.0,19.5,93,93,91,18.4,18.6,18.3,1014.8,1015.0,1014.7,0.3,30,3.1,-3.60,0.0
A627,20/05/2019,08,19.2,19.5,19.2,94,94,93,18.2,18.4,18.2,1014.8,1014.8,1014.7,0.1,178,0.7,-3.60,0.0
A627,20/05/2019,20,24.9,25.7,24.9,76,76,73,20.3,20.7,20.2,1015.0,1015.0,1014.4,2.2,198,7.4,228.7,0.0
A627,20/05/2019,09,19.1,19.3,19.0,95,95,94,18.2,18.3,18.1,1014.9,1014.9,1014.7,0.4,184,0.9,-3.60,0.0
A627,20/05/2019,13,24.7,25.0,23.6,76,81,76,20.2,20.7,19.7,1016.5,1016.5,1016.3,0.8,351,3.0,1867.,0.0
A627,20/05/2019,01,21.6,23.2,21.6,83,83,73,18.7,18.7,18.1,1016.2,1016.3,1015.7,0.4,355,4.5,-3.60,0.0
A627,20/05/2019,10,19.5,19.5,19.0,95,95,95,18.6,18.6,18.1,1015.6,1015.6,1014.9,0.3,318,1.1,32.46,0.0
A627,20/05/2019,22,24.4,24.5,24.4,80,80,78,20.7,20.7,20.5,1015.6,1015.6,1015.2,1.5,171,3.5,-3.60,0.0
A627,20/05/2019,03,21.3,21.3,20.7,86,88,86,18.8,18.8,18.5,1015.6,1015.9,1015.5,0.9,152,2.6,-3.60,0.0
A627,20/05/2019,02,20.9,22.2,20.9,87,87,80,18.6,18.9,18.5,1015.9,1016.3,1015.9,0.2,350,2.9,-3.60,0.0
A627,20/05/2019,00,23.2,23.2,22.5,74,78,74,18.2,18.5,18.1,1015.7,1015.7,1015.6,1.9,114,4.1,-3.60,0.0
A627,21/05/2019,06,21.1,21.5,21.1,94,94,92,20.2,20.3,20.1,1015.2,1015.7,1015.2,0.2,15,1.6,-3.60,0.0
A627,21/05/2019,11,23.2,23.2,21.1,86,95,86,20.7,20.9,20.4,1016.4,1016.4,1015.8,0.7,4,1.7,492.8,0.0
A627,21/05/2019,18,28.8,28.8,27.5,66,69,64,21.7,22.3,20.7,1013.2,1013.6,1013.1,1.3,266,3.5,1651.,0.0
A627,21/05/2019,17,28.2,28.5,27.2,66,70,64,21.3,21.9,20.8,1013.6,1014.4,1013.6,1.2,298,3.5,2158.,0.0
A627,21/05/2019,16,27.6,27.7,26.7,68,70,67,21.0,21.6,20.4,1014.4,1015.2,1014.4,1.2,325,3.2,2446.,0.0
A627,21/05/2019,19,28.2,29.0,28.2,68,69,65,21.7,22.1,21.4,1013.1,1013.2,1012.9,2.2,211,4.8,787.4,0.0
A627,21/05/2019,09,21.0,21.2,20.9,95,95,95,20.1,20.4,20.0,1015.0,1015.0,1014.8,0.4,41,1.1,-3.34,0.0
A627,21/05/2019,15,26.8,26.8,25.3,70,75,69,20.9,21.3,20.1,1015.2,1016.0,1015.2,1.4,316,3.0,2473.,0.0
A627,21/05/2019,02,22.1,23.3,22.1,92,92,87,20.7,21.1,20.7,1016.5,1016.6,1016.4,0.9,34,2.4,-3.60,0.0
A627,21/05/2019,00,23.9,24.5,23.9,85,85,81,21.1,21.2,21.0,1016.3,1016.3,1016.2,0.8,93,2.9,-3.57,0.0
A627,21/05/2019,03,22.0,22.6,21.9,91,92,89,20.5,20.8,20.4,1016.4,1016.5,1016.3,0.3,100,2.8,-3.60,0.0
A627,21/05/2019,12,23.9,23.9,22.9,84,87,83,21.0,21.0,20.4,1016.7,1016.7,1016.3,1.1,9,3.0,977.1,0.0
A627,21/05/2019,08,21.0,21.4,21.0,95,95,94,20.1,20.5,20.1,1014.8,1014.8,1014.7,0.4,68,0.9,-3.55,0.0
A627,21/05/2019,21,25.0,26.1,25.0,79,79,74,21.2,21.2,21.1,1014.2,1014.2,1013.8,1.0,153,5.3,8.536,0.0
A627,21/05/2019,13,24.7,24.7,23.9,76,84,76,20.2,21.1,20.2,1016.6,1016.8,1016.6,1.1,291,2.9,1450.,0.0
A627,21/05/2019,22,24.5,25.0,24.5,80,81,79,20.9,21.2,20.9,1014.6,1014.6,1014.1,1.3,148,3.2,-3.60,0.0
A627,21/05/2019,05,21.5,22.1,21.5,92,92,90,20.2,20.6,20.2,1015.7,1016.3,1015.7,0.2,144,2.2,-3.58,0.0
A627,21/05/2019,10,21.1,21.1,20.8,95,95,95,20.3,20.3,20.0,1015.8,1015.8,1015.0,0.4,55,1.5,40.17,0.0
A627,21/05/2019,01,23.0,23.9,22.8,89,89,85,21.1,21.1,20.9,1016.5,1016.5,1016.3,0.7,107,1.9,-3.60,0.0
A627,21/05/2019,04,22.0,22.4,21.9,90,92,89,20.3,20.7,20.3,1016.3,1016.4,1016.1,0.6,324,2.9,-3.57,0.0
A627,21/05/2019,23,24.1,24.5,24.1,82,82,80,20.8,21.0,20.8,1014.8,1014.8,1014.5,0.8,156,3.4,-3.60,0.0
A627,21/05/2019,20,26.1,28.1,26.1,74,74,68,21.2,21.8,21.1,1013.8,1013.8,1013.1,2.5,182,5.3,169.8,0.0
A627,21/05/2019,14,25.3,25.7,24.5,74,78,73,20.4,21.2,19.9,1016.0,1016.6,1016.0,1.7,312,3.3,2292.,0.0
A627,21/05/2019,07,21.4,21.4,21.1,94,95,94,20.4,20.5,20.2,1014.7,1015.2,1014.7,0.1,178,1.3,-3.16,0.0
A627,22/05/2019,13,23.9,24.1,23.5,84,86,84,21.1,21.6,20.9,1016.0,1016.1,1015.5,1.1,330,2.8,931.7,0.0
A627,22/05/2019,01,22.4,22.8,22.4,91,92,89,20.9,21.0,20.8,1014.9,1015.0,1014.8,0.3,34,0.8,-3.60,0.0
A627,22/05/2019,02,22.1,22.5,22.1,91,92,90,20.6,21.0,20.6,1014.9,1014.9,1014.8,0.5,68,2.0,-3.60,0.0
A627,22/05/2019,03,21.7,22.1,21.7,93,93,91,20.5,20.8,20.5,1014.9,1014.9,1014.8,0.4,255,1.0,-3.60,0.0
A627,22/05/2019,04,21.6,21.7,21.6,94,94,93,20.5,20.6,20.5,1014.7,1015.0,1014.7,0.7,88,1.8,-3.60,0.0
A627,22/05/2019,05,21.2,21.6,21.2,94,94,93,20.2,20.5,20.2,1014.3,1014.7,1014.3,0.3,209,1.8,-3.60,0.0
A627,22/05/2019,06,20.9,21.2,20.9,95,95,94,20.1,20.3,20.1,1014.0,1014.4,1014.0,0.3,356,0.6,-3.60,0.0
A627,22/05/2019,07,20.7,21.0,20.7,95,95,95,19.9,20.1,19.9,1013.9,1014.0,1013.8,0.2,239,0.5,-3.60,0.0
A627,22/05/2019,08,21.0,21.0,20.6,96,96,95,20.3,20.3,19.8,1014.0,1014.0,1013.9,0.3,276,1.1,-2.98,0.0
A627,22/05/2019,09,21.9,21.9,21.0,94,96,94,20.9,20.9,20.3,1014.0,1014.0,1013.9,0.9,68,2.0,-0.12,0.0
A627,22/05/2019,10,22.5,22.5,21.9,92,94,92,21.2,21.2,20.9,1014.3,1014.3,1014.0,1.0,46,2.1,23.46,0.0
A627,22/05/2019,11,23.0,23.0,22.5,89,92,89,21.2,21.3,21.1,1014.9,1014.9,1014.3,1.2,18,2.1,191.8,0.0
A627,22/05/2019,12,23.5,23.7,23.0,86,90,85,20.9,21.5,20.9,1015.5,1015.5,1014.9,0.8,302,2.2,515.6,0.0
A627,22/05/2019,14,26.7,26.8,23.9,74,84,73,21.6,22.1,20.8,1015.4,1016.0,1015.4,0.8,358,2.5,2030.,0.0
A627,22/05/2019,15,27.6,27.7,26.6,63,75,63,19.9,21.8,19.9,1014.7,1015.4,1014.7,1.0,306,2.5,2474.,0.0
A627,22/05/2019,16,29.0,29.3,27.6,57,63,55,19.5,20.4,18.7,1013.7,1014.7,1013.7,1.2,301,2.9,2517.,0.0
A627,22/05/2019,17,29.2,29.7,28.6,52,58,47,18.5,19.9,17.1,1013.0,1013.7,1013.0,1.1,299,2.9,2210.,0.0
A627,22/05/2019,18,29.7,30.3,29.2,55,57,45,19.7,,,1012.7,1013.0,1012.7,1.3,266,3.7,1666.,0.0
A627,22/05/2019,19,28.0,29.7,27.8,69,69,53,21.7,22.1,19.3,1012.6,1012.7,1012.5,1.6,183,4.0,713.4,0.0
A627,22/05/2019,20,27.0,28.0,27.0,71,71,69,21.4,21.7,21.3,1012.9,1012.9,1012.5,1.6,174,3.2,222.3,0.0
A627,22/05/2019,21,26.1,27.0,26.1,72,72,68,20.6,21.4,20.5,1013.5,1013.5,1012.9,1.1,135,2.9,20.64,0.0
A627,22/05/2019,22,25.3,26.1,25.3,80,80,72,21.5,21.5,20.6,1013.9,1013.9,1013.5,1.4,161,3.0,-3.60,0.0
A627,22/05/2019,23,25.0,25.3,25.0,82,82,79,21.6,21.7,21.4,1014.4,1014.4,1013.9,0.9,147,3.0,-3.60,0.0
A627,22/05/2019,00,22.8,24.1,22.7,89,89,82,20.9,21.1,20.7,1014.9,1015.0,1014.8,0.3,256,2.3,-3.60,0.0
A627,23/05/2019,19,28.3,30.4,28.3,61,61,49,20.1,20.7,18.2,1011.1,1011.1,1010.8,2.3,187,5.1,727.1,0.0
A627,23/05/2019,23,23.0,24.4,23.0,85,85,79,20.3,20.6,20.1,1013.1,1013.1,1012.5,0.3,182,2.0,-3.60,0.0
A627,23/05/2019,13,24.5,24.8,22.0,79,90,78,20.6,21.1,20.2,1014.8,1015.1,1014.8,1.6,8,3.1,1535.,0.0
A627,23/05/2019,18,30.4,31.3,29.6,52,56,42,19.5,20.2,16.3,1010.8,1011.2,1010.8,1.5,252,4.3,1747.,0.0
A627,23/05/2019,17,29.8,29.8,27.6,56,66,56,20.0,21.3,20.0,1011.1,1012.1,1011.1,1.4,261,3.7,2222.,0.0
A627,23/05/2019,16,27.9,28.2,26.4,65,71,64,20.6,21.3,20.5,1012.1,1013.2,1012.1,1.3,294,3.7,2452.,0.0
A627,23/05/2019,11,21.7,21.7,20.1,89,95,88,19.8,19.8,19.3,1014.8,1014.8,1014.0,0.4,103,1.9,392.5,0.0
A627,23/05/2019,15,26.7,26.7,24.9,71,78,70,20.9,21.4,20.2,1013.2,1014.2,1013.2,1.1,315,3.5,2430.,0.0
A627,23/05/2019,14,24.9,25.4,24.3,78,80,76,20.7,21.2,20.4,1014.2,1014.8,1014.2,1.5,271,3.6,2259.,0.0
A627,23/05/2019,12,22.1,22.3,21.7,90,91,88,20.4,20.6,19.8,1015.0,1015.1,1014.8,1.0,357,2.4,551.0,0.0
A627,23/05/2019,02,22.5,22.9,22.5,92,92,91,21.1,21.3,21.1,1014.9,1015.0,1014.8,0.4,248,0.7,-3.60,0.0
A627,23/05/2019,07,20.8,21.1,20.8,95,95,94,19.9,20.2,19.9,1013.0,1013.4,1013.0,0.4,117,1.4,-3.60,0.0
A627,23/05/2019,05,21.2,21.7,21.2,93,94,93,20.1,20.6,20.1,1013.9,1014.4,1013.9,0.4,19,1.3,-3.60,0.0
A627,23/05/2019,00,24.1,25.0,23.8,86,88,81,21.6,21.8,21.3,1014.7,1014.8,1014.4,0.8,80,1.9,-3.60,0.0
A627,23/05/2019,08,20.7,21.1,20.6,95,95,94,19.8,20.2,19.7,1013.3,1013.3,1012.9,0.3,44,2.1,-3.60,0.0
A627,23/05/2019,03,22.1,22.5,22.1,93,93,92,20.9,21.1,20.9,1014.8,1015.0,1014.8,0.3,222,0.8,-3.60,0.0
A627,23/05/2019,21,25.2,27.2,24.8,81,81,67,21.6,21.6,20.4,1012.1,1012.1,1011.5,0.9,193,3.7,6.766,0.0
A627,23/05/2019,06,21.0,21.2,21.0,94,94,93,20.1,20.1,20.0,1013.4,1013.9,1013.4,0.2,299,1.2,-3.60,0.0
A627,23/05/2019,20,27.1,28.5,27.0,67,70,61,20.5,21.2,20.3,1011.5,1011.5,1011.1,1.5,102,4.3,152.5,0.0
A627,23/05/2019,09,20.1,20.7,20.1,95,95,95,19.3,19.8,19.3,1013.3,1013.3,1013.1,0.6,15,1.4,-3.60,0.0
A627,23/05/2019,04,21.7,22.1,21.7,94,94,93,20.7,20.9,20.6,1014.4,1014.8,1014.4,0.3,217,1.0,-3.60,0.0
A627,23/05/2019,22,24.2,25.8,24.1,80,81,72,20.5,21.6,20.2,1012.5,1012.5,1012.1,0.8,80,2.5,-3.60,0.0
A627,23/05/2019,01,22.9,24.1,22.9,91,91,86,21.3,21.6,21.3,1014.9,1014.9,1014.6,0.4,249,1.9,-3.60,0.0
A627,23/05/2019,10,20.1,20.1,19.8,95,95,95,19.3,19.3,19.0,1014.0,1014.0,1013.3,0.3,122,1.2,46.04,0.0
A627,24/05/2019,18,25.9,27.1,25.9,74,75,70,21.0,21.5,20.5,1010.2,1010.6,1010.0,2.7,166,8.2,1105.,0.0
A627,24/05/2019,19,25.6,26.5,25.6,77,77,72,21.2,21.4,20.8,1010.2,1010.5,1010.0,1.5,165,6.0,565.8,0.0
A627,24/05/2019,20,25.2,25.9,25.2,79,79,75,21.3,21.4,21.0,1009.6,1010.3,1009.6,0.8,335,5.4,208.2,0.0
A627,24/05/2019,21,24.6,25.2,24.6,82,82,79,21.3,21.4,21.3,1009.9,1010.0,1009.5,0.6,349,3.7,6.217,0.0
A627,24/05/2019,12,24.6,24.7,22.3,73,84,73,19.4,19.8,19.2,1012.6,1012.6,1012.3,0.6,4,3.0,893.1,0.0
A627,24/05/2019,04,21.4,21.6,21.4,92,92,90,20.0,20.0,19.8,1012.8,1013.3,1012.8,0.4,206,0.9,-3.60,0.0
A627,24/05/2019,03,21.6,21.9,21.6,90,90,88,19.9,19.9,19.6,1013.3,1013.5,1013.3,0.6,213,0.9,-3.60,0.0
A627,24/05/2019,05,21.5,21.5,21.3,93,93,92,20.3,20.3,20.0,1012.6,1012.9,1012.6,0.4,204,0.7,-3.60,0.0
A627,24/05/2019,02,21.9,22.1,21.9,88,88,87,19.7,19.8,19.7,1013.4,1013.4,1013.3,0.3,204,0.9,-3.60,0.0
A627,24/05/2019,06,21.5,21.6,21.3,94,94,93,20.5,20.6,20.2,1012.2,1012.6,1012.2,0.7,59,1.6,-3.60,0.0
A627,24/05/2019,07,21.6,21.6,21.5,93,94,93,20.4,20.6,20.4,1011.9,1012.2,1011.9,0.9,50,2.0,-3.60,0.0
A627,24/05/2019,08,20.9,21.6,20.9,93,93,92,19.8,20.4,19.8,1011.7,1011.9,1011.6,0.7,45,1.8,-3.60,0.0
A627,24/05/2019,09,21.0,21.3,20.9,93,93,92,19.8,20.0,19.7,1011.8,1011.9,1011.5,0.5,36,1.8,-3.59,0.0
A627,24/05/2019,10,21.3,21.3,20.9,90,93,90,19.6,19.9,19.6,1011.9,1012.0,1011.7,1.5,51,2.7,45.64,0.0
A627,24/05/2019,13,25.3,25.4,24.3,70,74,70,19.5,20.1,19.2,1012.1,1012.6,1012.1,0.7,321,2.4,1432.,0.0
A627,24/05/2019,11,22.2,22.2,21.3,84,90,84,19.3,19.7,19.3,1012.4,1012.4,1011.9,1.4,54,3.0,343.2,0.0
A627,24/05/2019,01,22.1,22.6,22.1,87,87,85,19.8,20.2,19.6,1013.4,1013.4,1013.2,0.3,235,1.2,-3.60,0.0
A627,24/05/2019,14,26.6,26.6,25.3,69,72,68,20.4,20.5,19.4,1011.5,1012.1,1011.5,1.2,322,2.7,1888.,0.0
A627,24/05/2019,15,28.3,28.5,26.2,64,71,63,20.7,21.1,19.9,1010.7,1011.5,1010.6,1.9,212,4.0,2170.,0.0
A627,24/05/2019,00,22.6,23.8,22.5,86,86,81,20.2,20.4,20.1,1013.3,1013.3,1013.1,0.2,276,1.9,-3.60,0.0
A627,24/05/2019,16,27.6,28.8,27.0,67,68,63,20.9,21.5,20.3,1010.2,1010.7,1010.2,2.3,167,7.5,2102.,0.0
A627,24/05/2019,23,24.5,24.5,24.4,83,84,82,21.5,21.5,21.3,1009.9,1010.3,1009.9,1.7,55,3.6,-3.59,0.0
A627,24/05/2019,17,27.1,27.8,26.7,70,71,66,21.2,21.3,20.5,1010.3,1010.4,1010.2,3.0,201,7.8,1619.,0.0
A627,25/05/2019,06,22.8,23.1,22.8,92,93,91,21.5,21.7,21.4,1008.8,1008.9,1008.4,0.4,190,1.3,-3.60,0.0
A627,25/05/2019,13,25.6,26.0,24.1,56,63,56,16.3,16.9,16.3,1013.2,1013.5,1013.1,2.7,203,5.7,1048.,0.0
A627,25/05/2019,23,23.1,23.6,23.1,64,64,59,16.0,16.0,14.9,1016.1,1016.1,1015.4,1.5,284,5.5,-3.60,0.0
A627,25/05/2019,01,24.4,24.6,24.4,84,85,84,21.6,21.7,21.6,1009.7,1009.8,1009.3,1.1,60,3.6,-3.60,0.0
A627,25/05/2019,14,25.7,26.5,25.3,56,58,53,16.3,17.0,16.0,1013.1,1013.3,1013.0,2.9,205,5.9,2032.,0.0
A627,25/05/2019,16,26.9,27.1,25.1,56,59,54,17.3,17.4,16.4,1012.1,1012.6,1012.1,2.0,215,7.1,2006.,0.0
A627,25/05/2019,15,25.3,26.3,25.2,58,58,54,16.5,16.7,16.0,1012.6,1013.1,1012.6,3.2,200,6.7,1181.,0.0
A627,25/05/2019,03,23.2,23.8,23.2,90,90,88,21.5,21.7,21.4,1008.5,1008.9,1008.5,0.4,13,1.7,-3.60,0.0
A627,25/05/2019,10,24.2,24.3,23.9,70,83,70,18.5,21.1,18.5,1011.5,1011.5,1010.5,3.6,188,8.0,18.07,0.0
A627,25/05/2019,11,24.1,24.4,24.1,61,70,60,16.2,18.5,16.1,1012.3,1012.3,1011.5,3.1,198,8.0,87.46,0.0
A627,25/05/2019,07,22.6,22.8,22.6,93,94,92,21.5,21.7,21.4,1008.8,1008.9,1008.7,0.5,14,1.3,-3.57,0.0
A627,25/05/2019,12,24.2,24.2,24.0,63,63,59,16.6,16.7,15.7,1013.1,1013.1,1012.3,2.0,205,7.5,196.3,0.0
A627,25/05/2019,19,24.8,25.3,24.8,52,52,50,14.1,14.4,13.8,1012.9,1012.9,1012.3,3.2,195,7.9,521.3,0.0
A627,25/05/2019,18,25.2,26.8,25.2,50,54,47,14.0,15.8,13.8,1012.3,1012.4,1011.7,3.4,208,8.1,1110.,0.0
A627,25/05/2019,04,22.9,23.3,22.9,92,92,90,21.5,21.7,21.5,1008.2,1008.5,1008.1,0.7,7,1.5,-3.60,0.0
A627,25/05/2019,09,24.2,24.2,21.9,83,94,83,21.2,21.4,20.8,1010.5,1010.5,1009.4,2.0,171,7.3,-3.59,0.0
A627,25/05/2019,20,24.2,24.8,24.2,56,56,52,14.8,14.8,14.0,1013.8,1013.8,1012.9,3.0,216,8.3,186.2,0.0
A627,25/05/2019,05,23.1,23.5,22.9,91,92,90,21.6,21.7,21.5,1008.5,1008.7,1008.1,0.5,330,3.6,-3.60,0.0
A627,25/05/2019,02,23.5,24.4,23.5,89,89,84,21.5,21.7,21.5,1008.8,1009.7,1008.8,0.3,126,2.7,-3.60,0.0
A627,25/05/2019,00,24.5,24.6,24.0,84,86,83,21.6,21.7,21.4,1009.5,1010.1,1009.5,1.0,54,3.6,-3.59,0.0
A627,25/05/2019,08,22.2,22.7,22.2,93,93,93,21.0,21.6,21.0,1009.5,1009.5,1008.8,0.2,4,0.9,-3.60,0.0
A627,25/05/2019,21,23.6,24.2,23.6,59,59,55,15.1,15.1,14.5,1014.6,1014.6,1013.8,2.5,216,6.9,12.58,0.0
A627,25/05/2019,22,23.3,23.6,23.2,60,61,59,15.1,15.2,14.9,1015.4,1015.4,1014.6,1.8,240,4.9,-3.60,0.0
A627,25/05/2019,17,25.8,27.4,25.8,53,56,52,15.4,17.1,15.4,1011.7,1012.1,1011.7,3.5,197,6.3,1842.,0.0
A627,26/05/2019,15,25.2,25.4,24.5,62,63,59,17.5,17.5,16.3,1017.6,1018.4,1017.6,1.2,328,3.3,1509.,0.0
A627,26/05/2019,01,22.6,23.1,22.5,68,68,65,16.4,16.7,16.1,1016.9,1016.9,1016.5,0.8,251,5.5,-3.60,0.0
A627,26/05/2019,02,22.4,22.9,22.3,70,70,66,16.6,16.7,16.2,1016.9,1016.9,1016.8,0.8,329,3.5,-3.60,0.0
A627,26/05/2019,03,22.6,22.7,22.4,68,70,67,16.3,16.6,16.2,1016.9,1017.0,1016.8,1.4,298,4.6,-3.16,0.0
A627,26/05/2019,04,22.2,22.6,22.1,71,73,67,16.7,17.1,16.3,1016.6,1016.9,1016.6,1.0,266,4.3,-3.54,0.0
A627,26/05/2019,05,21.6,22.2,21.5,74,75,71,16.8,16.8,16.6,1016.3,1016.6,1016.3,0.8,242,3.9,-3.60,0.0
A627,26/05/2019,06,22.0,22.0,21.5,71,75,71,16.6,16.8,16.6,1015.9,1016.3,1015.9,1.4,258,3.4,-3.41,0.0
A627,26/05/2019,07,21.8,22.1,21.8,75,75,70,17.1,17.1,16.4,1015.9,1016.0,1015.9,0.7,331,3.0,-3.12,0.0
A627,26/05/2019,08,21.2,21.8,21.0,72,77,72,16.0,17.0,15.9,1016.3,1016.3,1015.9,0.7,280,2.5,-3.17,0.0
A627,26/05/2019,13,24.5,24.6,22.7,61,66,58,16.5,16.7,15.7,1019.0,1019.2,1019.0,1.5,304,3.5,1727.,0.0
A627,26/05/2019,09,21.3,21.3,21.2,73,77,71,16.2,17.0,15.8,1016.8,1016.8,1016.3,0.5,8,2.5,-2.25,0.0
A627,26/05/2019,10,21.5,21.6,21.2,76,76,71,17.1,17.1,16.0,1017.8,1017.8,1016.8,0.7,11,2.6,13.86,0.0
A627,26/05/2019,11,22.2,22.2,21.5,72,78,72,16.9,17.6,16.9,1018.6,1018.6,1017.8,0.6,287,3.0,203.9,0.0
A627,26/05/2019,12,22.8,22.8,22.2,65,72,65,15.9,17.0,15.9,1019.0,1019.0,1018.6,1.0,288,2.4,545.5,0.0
A627,26/05/2019,14,24.5,24.8,24.1,61,62,60,16.4,17.0,16.1,1018.5,1019.0,1018.5,1.4,310,3.5,1507.,0.0
A627,26/05/2019,16,25.8,26.2,25.1,64,64,59,18.4,18.4,16.7,1016.8,1017.6,1016.8,2.9,204,5.4,1631.,0.0
A627,26/05/2019,17,25.7,25.9,24.6,68,71,64,19.4,19.4,18.5,1016.2,1016.8,1016.1,3.4,201,7.0,2192.,0.0
A627,26/05/2019,18,25.1,25.8,24.9,68,69,67,18.7,19.2,18.6,1016.1,1016.2,1016.1,3.4,200,7.4,1693.,0.0
A627,26/05/2019,19,24.5,25.4,24.2,63,69,63,17.2,18.7,17.0,1016.1,1016.1,1016.0,3.1,199,7.3,579.8,0.0
A627,26/05/2019,20,24.1,24.6,24.1,64,65,63,16.8,17.2,16.7,1016.3,1016.3,1016.1,1.8,168,6.6,174.3,0.0
A627,26/05/2019,21,23.5,24.1,23.5,72,72,64,18.1,18.1,16.7,1016.6,1016.6,1016.2,1.0,156,3.6,6.895,0.0
A627,26/05/2019,22,23.2,23.5,23.2,74,74,72,18.3,18.3,18.1,1017.0,1017.0,1016.6,1.1,154,4.7,-3.60,0.0
A627,26/05/2019,23,22.9,23.2,22.9,76,76,74,18.4,18.4,18.3,1017.7,1017.7,1017.0,0.9,160,3.1,-3.60,0.0
A627,26/05/2019,00,23.1,23.2,22.9,66,66,63,16.3,16.4,15.8,1016.5,1016.6,1016.1,2.0,290,5.5,-3.60,0.0
A627,27/05/2019,14,24.4,24.4,23.5,74,77,73,19.5,19.7,19.0,1017.8,1018.2,1017.8,1.3,316,3.9,2275.,0.0
A627,27/05/2019,11,21.1,21.1,18.7,83,95,83,18.2,18.3,17.8,1018.1,1018.1,1017.6,0.8,23,1.5,375.5,0.0
A627,27/05/2019,00,22.6,23.0,22.6,77,77,75,18.4,18.4,18.3,1018.1,1018.1,1017.7,0.8,130,2.4,-3.60,0.0
A627,27/05/2019,12,22.1,22.6,21.2,81,83,77,18.7,18.8,17.8,1018.4,1018.4,1018.1,0.7,330,2.6,1112.,0.0
A627,27/05/2019,01,21.1,22.6,21.1,85,85,77,18.5,18.5,18.3,1018.4,1018.4,1018.1,0.5,38,2.1,-3.60,0.0
A627,27/05/2019,06,19.1,19.6,19.1,92,93,91,17.8,18.2,17.8,1016.7,1016.9,1016.6,0.3,103,1.7,-3.60,0.0
A627,27/05/2019,03,20.2,20.6,20.2,89,89,87,18.3,18.6,18.2,1017.8,1018.1,1017.8,0.8,94,1.6,-3.60,0.0
A627,27/05/2019,07,18.8,19.2,18.8,93,93,92,17.6,18.0,17.6,1016.9,1016.9,1016.7,0.2,256,1.5,-3.60,0.0
A627,27/05/2019,04,19.7,20.2,19.6,91,91,89,18.2,18.3,18.1,1017.6,1017.9,1017.6,0.5,58,1.6,-3.60,0.0
A627,27/05/2019,23,22.2,23.9,22.2,87,87,78,19.9,20.0,19.6,1015.5,1015.6,1015.2,0.2,348,2.7,-3.60,0.0
A627,27/05/2019,22,23.9,24.5,23.9,78,78,76,19.9,20.0,19.9,1015.2,1015.2,1014.8,0.8,147,3.2,-3.60,0.0
A627,27/05/2019,21,24.5,25.5,24.5,76,76,72,19.9,20.2,19.9,1014.8,1014.8,1014.6,1.1,125,3.1,8.517,0.0
A627,27/05/2019,20,25.5,26.2,25.5,72,72,68,20.1,20.2,19.8,1014.6,1014.6,1014.3,1.2,140,5.0,139.9,0.0
A627,27/05/2019,08,18.5,18.8,18.4,94,94,93,17.5,17.7,17.4,1017.0,1017.1,1016.9,0.3,44,0.9,-3.60,0.0
A627,27/05/2019,02,20.4,21.3,20.4,88,88,84,18.4,18.6,18.4,1018.1,1018.4,1018.1,0.4,72,1.6,-3.60,0.0
A627,27/05/2019,19,26.2,27.6,26.2,68,68,64,19.8,20.2,19.8,1014.4,1014.5,1014.4,2.3,187,5.5,759.9,0.0
A627,27/05/2019,18,27.4,27.7,26.9,64,65,62,20.0,20.0,19.2,1014.4,1014.7,1014.4,2.5,216,5.4,1727.,0.0
A627,27/05/2019,13,23.5,23.7,22.0,77,81,74,19.1,19.3,18.4,1018.2,1018.5,1018.2,1.5,321,3.1,1840.,0.0
A627,27/05/2019,17,26.9,27.0,25.8,65,68,64,19.8,20.1,19.1,1014.7,1015.4,1014.7,1.4,312,3.3,2145.,0.0
A627,27/05/2019,16,25.8,25.9,24.9,68,72,67,19.5,19.8,19.1,1015.4,1016.8,1015.4,1.5,320,3.6,2408.,0.0
A627,27/05/2019,05,19.2,20.0,19.2,93,93,89,18.0,18.3,17.9,1016.9,1017.6,1016.9,0.2,26,2.1,-3.60,0.0
A627,27/05/2019,09,18.3,18.5,18.3,94,95,94,17.4,17.6,17.4,1017.3,1017.3,1016.9,0.4,93,1.3,-3.60,0.0
A627,27/05/2019,10,18.7,18.7,18.3,95,95,94,17.8,17.8,17.4,1017.6,1017.6,1017.3,0.4,11,1.3,23.21,0.0
A627,27/05/2019,15,24.9,25.4,24.2,72,74,69,19.5,19.8,19.1,1016.8,1017.8,1016.8,1.7,315,3.5,2459.,0.0
A627,28/05/2019,00,23.2,23.3,21.8,83,89,83,20.2,20.4,19.8,1015.6,1015.6,1015.5,1.2,86,4.6,-3.60,0.0
A627,28/05/2019,04,20.4,21.0,20.4,94,95,94,19.5,20.1,19.4,1014.6,1014.9,1014.6,0.3,272,2.9,-3.60,0.0
A627,28/05/2019,05,20.5,20.9,20.4,95,95,94,19.6,20.0,19.5,1014.1,1014.6,1014.1,0.4,315,3.2,-3.60,0.0
A627,28/05/2019,06,19.9,20.5,19.8,95,95,95,19.1,19.7,19.0,1013.4,1014.1,1013.4,0.4,16,1.5,-3.60,0.0
A627,28/05/2019,07,19.5,20.0,19.5,96,96,95,18.8,19.2,18.7,1013.2,1013.4,1013.2,0.4,33,0.9,-3.60,0.0
A627,28/05/2019,08,20.1,20.3,19.5,95,96,95,19.3,19.6,18.7,1012.3,1013.2,1012.3,1.9,15,4.8,-2.45,0.0
A627,28/05/2019,09,19.9,20.1,19.9,94,95,94,19.0,19.3,19.0,1012.7,1012.7,1012.3,1.2,70,4.8,-0.55,0.0
A627,28/05/2019,10,19.6,19.9,19.5,94,94,94,18.5,19.0,18.5,1012.7,1012.7,1012.6,1.1,74,2.8,28.95,0.0
A627,28/05/2019,13,25.9,25.9,23.5,72,80,72,20.5,21.0,19.3,1014.2,1014.3,1014.1,0.7,279,3.1,1800.,0.0
A627,28/05/2019,11,21.0,21.0,19.6,89,94,89,19.1,19.1,18.5,1012.9,1013.0,1012.7,0.6,311,2.1,412.3,0.0
A627,28/05/2019,14,25.8,27.6,24.8,73,77,63,20.5,21.3,19.9,1013.7,1014.2,1013.7,1.7,304,4.2,2213.,0.0
A627,28/05/2019,15,28.5,29.1,25.4,66,75,62,21.5,21.7,20.4,1012.4,1013.7,1012.4,1.3,294,4.1,2422.,0.0
A627,28/05/2019,16,29.0,29.0,27.0,65,73,64,21.7,22.4,21.2,1011.2,1012.4,1011.2,1.1,338,3.5,2410.,0.0
A627,28/05/2019,17,30.8,30.8,27.8,59,70,58,21.9,23.0,21.5,1010.7,1011.2,1010.6,0.7,269,3.7,2188.,0.0
A627,28/05/2019,18,32.4,32.6,30.6,41,59,39,17.3,21.8,16.7,1010.7,1010.8,1010.7,1.0,348,3.3,1673.,0.0
A627,28/05/2019,19,30.5,32.7,30.5,49,49,39,18.4,19.1,16.7,1011.7,1011.7,1010.7,2.7,202,7.5,731.9,0.0
A627,28/05/2019,20,27.3,30.5,27.0,65,69,47,20.2,20.8,17.9,1012.6,1012.7,1011.7,2.6,156,7.6,186.8,0.0
A627,28/05/2019,21,26.8,27.3,26.6,57,66,57,17.6,20.1,17.6,1013.1,1013.1,1012.7,1.5,145,6.5,8.921,0.0
A627,28/05/2019,22,24.1,26.9,24.1,65,67,53,17.1,17.8,16.6,1013.9,1013.9,1013.0,0.6,51,4.1,-3.60,0.0
A627,28/05/2019,23,23.1,24.1,23.1,70,72,65,17.2,17.8,17.0,1014.4,1014.4,1013.9,0.2,142,1.3,-3.60,0.0
A627,28/05/2019,02,21.1,21.8,21.1,93,93,89,19.9,20.2,19.9,1015.4,1015.7,1015.4,0.3,190,1.5,-3.60,0.0
A627,28/05/2019,12,23.6,23.6,21.0,78,89,78,19.6,19.8,18.8,1014.1,1014.1,1012.9,1.0,233,2.3,1182.,0.0
A627,28/05/2019,03,20.7,21.1,20.7,94,94,93,19.8,20.0,19.7,1014.9,1015.4,1014.9,0.3,208,0.8,-3.60,0.0
A627,28/05/2019,01,21.9,23.2,21.9,89,89,83,20.0,20.3,19.9,1015.7,1015.8,1015.6,0.5,135,3.7,-3.60,0.0
A627,29/05/2019,23,24.4,24.8,24.4,80,80,77,20.7,20.8,20.4,1017.1,1017.2,1016.6,2.0,196,5.2,-3.60,0.0
A627,29/05/2019,02,21.8,22.2,21.7,82,83,78,18.6,18.8,18.2,1014.4,1014.6,1014.3,0.2,255,1.3,-3.60,0.0
A627,29/05/2019,12,23.3,24.2,23.3,76,77,69,18.8,19.1,18.1,1017.3,1018.1,1017.2,2.3,31,4.8,759.1,0.0
A627,29/05/2019,22,24.8,25.3,24.8,77,77,64,20.4,20.4,18.0,1016.6,1016.6,1016.0,2.1,192,5.8,-3.60,0.0
A627,29/05/2019,14,24.9,26.4,24.9,65,66,57,18.0,18.6,16.5,1015.6,1016.7,1015.6,0.9,335,4.2,951.2,0.0
A627,29/05/2019,01,22.1,22.6,22.0,79,79,73,18.3,18.3,17.4,1014.6,1014.7,1014.6,0.5,212,0.9,-3.60,0.0
A627,29/05/2019,21,25.3,26.3,25.3,64,64,57,18.0,18.0,17.2,1016.0,1016.0,1015.4,1.7,155,3.9,7.937,0.0
A627,29/05/2019,15,27.8,27.9,24.9,54,67,52,17.6,18.7,16.8,1015.2,1015.7,1015.2,0.7,252,2.7,1743.,0.0
A627,29/05/2019,16,28.0,28.9,27.3,55,56,50,18.1,18.3,17.2,1015.3,1015.6,1015.2,4.1,203,10.1,2365.,0.0
A627,29/05/2019,13,25.1,25.2,23.3,64,76,64,17.9,19.2,17.8,1016.7,1017.5,1016.6,1.4,56,4.7,1136.,0.0
A627,29/05/2019,17,28.2,28.6,28.0,54,58,50,18.2,19.0,17.1,1015.0,1015.3,1014.9,1.8,182,8.1,2136.,0.0
A627,29/05/2019,20,26.3,27.3,26.3,57,57,52,17.2,17.2,16.3,1015.4,1015.4,1015.3,1.1,157,5.4,149.5,0.0
A627,29/05/2019,09,20.3,20.8,20.1,87,88,85,18.0,18.3,18.0,1015.4,1015.4,1014.6,0.6,171,2.0,-3.60,0.0
A627,29/05/2019,18,28.0,28.4,27.3,52,58,52,17.3,18.8,17.3,1015.2,1015.2,1014.9,1.7,180,5.1,1642.,0.0
A627,29/05/2019,19,27.3,28.2,27.2,53,54,51,16.9,17.7,16.8,1015.3,1015.3,1015.1,2.2,171,5.3,709.4,0.0
A627,29/05/2019,07,21.3,21.3,20.0,83,87,83,18.2,18.3,17.7,1015.0,1015.4,1015.0,1.6,47,2.9,-3.60,0.0
A627,29/05/2019,08,20.8,21.6,20.6,85,86,82,18.1,18.6,17.9,1015.0,1015.1,1014.6,0.8,21,3.7,-3.60,0.0
A627,29/05/2019,03,21.2,21.8,21.2,84,85,82,18.4,18.8,18.4,1014.7,1014.8,1014.4,0.2,38,0.8,-3.60,0.0
A627,29/05/2019,10,20.6,20.8,20.3,86,87,83,18.1,18.1,17.8,1016.4,1016.4,1015.4,0.5,245,1.9,29.90,0.0
A627,29/05/2019,00,22.5,23.2,22.3,73,75,69,17.5,17.9,17.2,1014.7,1014.8,1014.4,0.3,201,1.6,-3.60,0.0
A627,29/05/2019,05,20.9,21.0,20.5,84,86,84,18.0,18.2,17.9,1015.3,1015.3,1014.9,0.9,202,1.4,-3.60,0.0
A627,29/05/2019,04,20.9,21.2,20.9,84,85,83,18.2,18.5,18.1,1015.1,1015.1,1014.7,0.5,197,0.8,-3.60,0.0
A627,29/05/2019,06,20.3,21.6,20.3,85,85,79,17.7,18.1,17.7,1015.2,1015.3,1015.0,0.2,166,1.7,-3.60,0.0
A627,29/05/2019,11,23.8,23.8,20.5,71,86,71,18.3,18.5,18.0,1017.4,1017.4,1016.4,1.2,19,1.9,461.0,0.0
A627,30/05/2019,14,27.4,28.0,26.7,67,68,58,20.6,20.6,18.8,1015.9,1016.7,1015.9,1.6,296,4.2,2120.,0.0
A627,30/05/2019,19,28.1,29.1,28.1,69,69,64,21.8,22.0,21.3,1011.9,1012.0,1011.8,1.5,96,4.9,544.3,0.0
A627,30/05/2019,23,26.3,26.6,25.6,70,74,68,20.5,20.6,20.3,1012.4,1012.4,1011.6,1.3,177,3.7,-3.60,0.0
A627,30/05/2019,20,26.9,28.1,26.9,73,73,69,21.6,22.0,21.6,1011.6,1012.0,1011.4,1.1,58,4.9,165.1,0.0
A627,30/05/2019,05,22.4,22.9,22.3,85,86,85,19.8,20.4,19.8,1016.8,1017.2,1016.7,1.0,64,3.0,-3.60,0.0
A627,30/05/2019,17,29.0,29.4,28.8,64,64,61,21.5,21.5,20.7,1012.3,1013.4,1012.3,1.8,235,4.5,1913.,0.0
A627,30/05/2019,01,24.0,24.5,24.0,83,83,80,20.9,20.9,20.7,1018.0,1018.0,1017.5,0.5,135,3.5,-3.60,0.0
A627,30/05/2019,12,25.6,25.6,23.4,69,77,69,19.5,19.8,18.9,1017.1,1017.2,1017.0,1.7,23,3.3,1107.,0.0
A627,30/05/2019,18,28.9,29.2,28.7,64,65,61,21.4,21.7,20.7,1012.0,1012.3,1012.0,1.1,292,3.8,1062.,0.0
A627,30/05/2019,06,21.9,22.4,21.9,87,88,85,19.6,20.0,19.6,1016.3,1016.8,1016.2,0.4,62,1.8,-3.52,0.0
A627,30/05/2019,22,26.6,26.9,26.4,69,74,68,20.4,21.4,20.4,1011.6,1012.1,1011.2,1.7,89,5.6,-3.60,0.0
A627,30/05/2019,07,21.9,22.3,21.8,88,88,84,19.8,19.8,19.4,1016.0,1016.3,1016.0,0.6,68,1.8,-3.59,0.0
A627,30/05/2019,08,21.5,22.2,21.4,87,88,85,19.3,19.8,19.3,1015.8,1016.0,1015.7,0.4,172,1.2,-3.02,0.0
A627,30/05/2019,09,20.7,21.5,20.7,91,91,87,19.2,19.5,19.2,1016.0,1016.0,1015.8,0.3,299,1.1,-3.60,0.0
A627,30/05/2019,10,21.0,21.0,20.7,90,91,90,19.2,19.4,19.1,1016.8,1016.8,1015.9,0.2,134,1.6,22.41,0.0
A627,30/05/2019,11,23.4,23.4,21.0,77,90,77,19.2,19.4,18.9,1017.0,1017.1,1016.8,0.9,60,1.8,320.0,0.0
A627,30/05/2019,13,27.4,27.5,25.4,61,70,61,19.3,19.7,18.9,1016.7,1017.1,1016.7,1.4,30,3.9,1665.,0.0
A627,30/05/2019,21,26.6,26.9,26.6,73,74,71,21.4,21.7,21.3,1012.1,1012.1,1011.6,0.7,249,2.9,10.57,0.0
A627,30/05/2019,15,27.8,28.0,26.6,66,70,64,20.8,21.2,20.2,1014.8,1015.9,1014.8,1.5,304,3.8,2268.,0.0
A627,30/05/2019,16,28.8,29.2,27.5,62,67,60,20.8,21.1,19.9,1013.4,1014.8,1013.4,1.8,250,4.1,2232.,0.0
A627,30/05/2019,02,23.9,24.1,23.4,83,86,82,20.9,21.1,20.8,1018.0,1018.1,1018.0,0.7,120,1.6,-3.58,0.0
A627,30/05/2019,03,23.0,23.9,22.8,88,88,83,20.8,20.9,20.7,1017.6,1018.0,1017.6,0.7,53,1.4,-3.58,0.0
A627,30/05/2019,00,24.5,24.5,24.4,80,80,79,20.8,20.8,20.6,1017.5,1017.5,1017.1,1.4,143,4.7,-3.52,0.0
A627,30/05/2019,04,22.8,23.0,22.5,86,88,86,20.4,20.8,20.4,1017.2,1017.7,1017.2,1.0,55,2.0,-3.60,0.0
A627,31/05/2019,09,23.4,23.7,23.3,80,81,80,19.8,20.1,19.8,1011.8,1011.9,1010.6,0.9,248,6.8,-3.60,0.0
A627,31/05/2019,00,25.3,26.3,25.2,77,77,70,20.9,20.9,20.5,1012.5,1012.6,1012.4,0.5,82,3.2,-3.60,0.0
A627,31/05/2019,13,28.5,28.5,26.1,60,72,59,20.1,21.0,19.5,1011.8,1012.1,1011.8,1.3,36,2.9,1720.,0.0
A627,31/05/2019,03,23.3,23.9,23.3,86,87,84,20.9,21.1,20.8,1011.9,1012.5,1011.9,0.3,360,1.4,-3.60,0.0
A627,31/05/2019,10,22.6,23.4,22.6,84,84,80,19.8,19.8,19.6,1011.6,1011.8,1011.2,0.8,2,2.7,15.85,0.0
A627,31/05/2019,20,29.4,30.5,29.4,60,60,55,20.9,21.0,20.3,1009.4,1009.4,1009.2,1.0,239,5.2,236.5,0.0
A627,31/05/2019,11,24.4,24.6,22.6,76,84,76,20.0,20.1,19.7,1011.6,1011.7,1011.5,1.3,32,2.7,314.9,0.0
A627,31/05/2019,15,30.4,30.6,29.1,53,61,49,19.8,21.1,18.7,1010.8,1011.4,1010.8,1.1,308,2.8,2350.,0.0
A627,31/05/2019,23,25.9,27.0,25.9,80,80,73,22.2,22.3,21.8,1009.8,1010.1,1009.8,2.0,162,5.3,-3.60,0.0
A627,31/05/2019,21,29.2,29.9,28.2,64,65,59,21.6,21.6,20.6,1009.1,1009.5,1009.1,1.5,32,3.2,6.171,0.0
A627,31/05/2019,19,30.4,32.4,30.4,55,57,48,20.2,21.6,19.3,1009.2,1009.2,1009.0,2.8,212,5.2,723.7,0.0
A627,31/05/2019,01,24.0,25.3,23.9,83,84,77,21.0,21.1,20.8,1012.5,1012.6,1012.3,0.2,42,1.7,-3.60,0.0
A627,31/05/2019,14,29.3,30.2,28.5,58,63,53,20.1,21.2,19.0,1011.4,1011.9,1011.4,1.2,328,2.7,2105.,0.0
A627,31/05/2019,04,23.0,23.6,23.0,87,87,85,20.8,21.0,20.8,1011.2,1011.9,1011.2,0.7,47,1.3,-3.60,0.0
A627,31/05/2019,16,32.4,32.4,30.4,44,53,44,18.7,20.3,18.7,1009.5,1010.8,1009.5,0.9,311,2.6,2327.,0.0
A627,31/05/2019,06,22.8,23.1,22.5,87,89,86,20.5,20.8,20.4,1010.5,1010.8,1010.3,0.3,227,1.6,-3.60,0.0
A627,31/05/2019,02,23.6,24.4,23.6,85,85,82,21.0,21.2,20.8,1012.4,1012.7,1012.1,0.4,238,2.1,-3.60,0.0
A627,31/05/2019,07,23.7,24.1,22.7,81,87,79,20.2,20.5,20.1,1010.8,1010.8,1010.2,1.3,192,4.2,-3.26,0.0
A627,31/05/2019,05,22.6,23.2,22.6,88,89,87,20.5,21.0,20.5,1010.4,1011.2,1010.3,0.4,277,1.3,-3.60,0.0
A627,31/05/2019,08,23.7,25.2,23.7,80,83,79,20.1,21.8,20.1,1011.0,1011.3,1010.7,3.0,163,10.8,-3.42,0.0
A627,31/05/2019,18,32.0,32.3,30.8,53,55,50,21.0,21.1,20.3,1009.1,1009.1,1009.0,2.3,221,4.9,1648.,0.0
A627,31/05/2019,22,27.0,29.2,26.9,73,73,63,21.8,21.8,21.2,1009.9,1009.9,1009.1,1.4,157,5.3,-3.60,0.0
A627,31/05/2019,12,26.1,26.2,24.4,71,76,71,20.5,20.8,20.0,1012.0,1012.0,1011.4,1.0,55,3.5,1005.,0.0
A627,31/05/2019,17,30.8,33.4,30.8,55,55,42,20.6,20.6,18.3,1009.1,1009.5,1009.0,2.4,250,4.9,1881.,0.0
